concept_id_1	concept_id_2	relationship_id	valid_start_date	valid_end_date	invalid_reason
46160349	46022900	Has AMP	20150131	20991231	
46160349	46085835	Is a	20150131	20991231	
46160353	4298770	Has disp dose form	20180731	20991231	
46160353	35607932	Has non-avail ind	20180731	20991231	
46160353	35608652	Is a	20180731	20991231	
46160353	35626950	Has excipient	20180731	20991231	
46160353	35626973	VMP has prescr stat	20180731	20991231	
46160353	35626986	Has legal category	20180731	20991231	
46160353	35626992	Has disc indicator	20180731	20991231	
46160353	46022902	Has AMP	20150131	20991231	
46160354	4298770	Has disp dose form	20180731	20991231	
46160354	35607932	Has non-avail ind	20180731	20991231	
46160354	35608652	Is a	20180731	20991231	
46160354	35626950	Has excipient	20180731	20991231	
46160354	35626973	VMP has prescr stat	20180731	20991231	
46160354	35626986	Has legal category	20180731	20991231	
46160354	35626992	Has disc indicator	20180731	20991231	
46160356	4298770	Has disp dose form	20180731	20991231	
46160356	35607932	Has non-avail ind	20180731	20991231	
46160356	35608652	Is a	20180731	20991231	
46160356	35626950	Has excipient	20180731	20991231	
46160356	35626973	VMP has prescr stat	20180731	20991231	
46160356	35626986	Has legal category	20180731	20991231	
46160356	35626992	Has disc indicator	20180731	20991231	
46160356	46102473	Concept was_a to	20190131	20991231	
46160356	46102473	Is a	20150131	20991231	
46160357	35608652	Is a	20180731	20991231	
46160357	35626950	Has excipient	20180731	20991231	
46160357	35626973	VMP has prescr stat	20180731	20991231	
46160357	35626980	Has non-avail ind	20180731	20991231	
46160357	35626986	Has legal category	20180731	20991231	
46160357	35626992	Has disc indicator	20180731	20991231	
46160357	37310856	Has AMP restr ind	20200309	20991231	
46160357	45956741	Has disp dose form	20180731	20991231	
46160357	46098910	Is a	20150131	20991231	
46160360	4216935	Has spec active ing	20180731	20991231	
46160360	4294612	Has disp dose form	20180731	20991231	
46160360	35607932	Has non-avail ind	20180731	20991231	
46160360	35608652	Is a	20180731	20991231	
46160360	35626950	Has excipient	20180731	20991231	
46160360	35626973	VMP has prescr stat	20180731	20991231	
46160360	35626986	Has legal category	20180731	20991231	
46160360	35626993	Has disc indicator	20180731	20991231	
46160360	37207390	Has CD category	20190731	20991231	
46160360	37310858	Has AMP restr ind	20200309	20991231	
46160361	4216935	Has spec active ing	20180731	20991231	
46160361	4294612	Has disp dose form	20180731	20991231	
46160361	35607932	Has non-avail ind	20180731	20991231	
46160361	35608652	Is a	20180731	20991231	
46160361	35626950	Has excipient	20180731	20991231	
46160361	35626973	VMP has prescr stat	20180731	20991231	
46160361	35626986	Has legal category	20180731	20991231	
46160361	35626993	Has disc indicator	20180731	20991231	
46160361	37207390	Has CD category	20190731	20991231	
46160361	37310858	Has AMP restr ind	20200309	20991231	
46160362	4216935	Has spec active ing	20180731	20991231	
46160362	4294612	Has disp dose form	20180731	20991231	
46160362	35607932	Has non-avail ind	20180731	20991231	
46160362	35608652	Is a	20180731	20991231	
46160362	35626950	Has excipient	20180731	20991231	
46160362	35626973	VMP has prescr stat	20180731	20991231	
46160362	35626986	Has legal category	20180731	20991231	
46160362	35626993	Has disc indicator	20180731	20991231	
46160362	37207390	Has CD category	20190731	20991231	
46160362	37310858	Has AMP restr ind	20200309	20991231	
46160365	4134377	Has spec active ing	20180731	20991231	
46160365	35607932	Has non-avail ind	20180731	20991231	
46160365	35608652	Is a	20180731	20991231	
46160365	35626950	Has excipient	20180731	20991231	
46160365	35626973	VMP has prescr stat	20180731	20991231	
46160365	35626986	Has legal category	20180731	20991231	
46160365	35626993	Has disc indicator	20180731	20991231	
46160365	37207390	Has CD category	20190731	20991231	
46160365	37310858	Has AMP restr ind	20200309	20991231	
46160365	46085833	Is a	20150131	20991231	
46160366	4217742	Has basis str subst	20180731	20991231	
46160366	4294612	Has disp dose form	20180731	20991231	
46160366	35607932	Has non-avail ind	20180731	20991231	
46160366	35608652	Is a	20180731	20991231	
46160366	35626950	Has excipient	20180731	20991231	
46160366	35626973	VMP has prescr stat	20180731	20991231	
46160366	35626986	Has legal category	20180731	20991231	
46160366	35626993	Has disc indicator	20180731	20991231	
46160366	37207390	Has CD category	20190731	20991231	
46160366	37310858	Has AMP restr ind	20200309	20991231	
46160369	4294612	Has disp dose form	20180731	20991231	
46160369	35607932	Has non-avail ind	20180731	20991231	
46160369	35608652	Is a	20180731	20991231	
46160369	35626950	Has excipient	20180731	20991231	
46160369	35626973	VMP has prescr stat	20180731	20991231	
46160369	35626985	Has legal category	20180731	20991231	
46160369	35626993	Has disc indicator	20180731	20991231	
46160369	37207390	Has CD category	20190731	20991231	
46160369	46022916	Has AMP	20150131	20991231	
46160369	46085832	Is a	20150131	20991231	
46160371	4265648	Has spec active ing	20180731	20991231	
46160371	4293448	Has disp dose form	20180731	20991231	
46160371	35607932	Has non-avail ind	20180731	20991231	
46160371	35608652	Is a	20180731	20991231	
46160371	35626950	Has excipient	20180731	20991231	
46160371	35626973	VMP has prescr stat	20180731	20991231	
46160371	35626986	Has legal category	20180731	20991231	
46160371	35626993	Has disc indicator	20180731	20991231	
46160371	37207390	Has CD category	20190731	20991231	
46160371	37310855	Has AMP restr ind	20200309	20991231	
46160372	4265648	Has spec active ing	20180731	20991231	
46160372	4294600	Has disp dose form	20180731	20991231	
46160372	35607932	Has non-avail ind	20180731	20991231	
46160372	35608652	Is a	20180731	20991231	
46160372	35626950	Has excipient	20180731	20991231	
46160372	35626973	VMP has prescr stat	20180731	20991231	
46160372	35626986	Has legal category	20180731	20991231	
46160372	35626993	Has disc indicator	20180731	20991231	
46160372	37207390	Has CD category	20190731	20991231	
46160372	37310855	Has AMP restr ind	20200309	20991231	
46160372	46022919	Has AMP	20150131	20991231	
46160372	46085829	Is a	20150131	20991231	
46160373	4293448	Has disp dose form	20180731	20991231	
46160373	35607932	Has non-avail ind	20180731	20991231	
46160373	35608652	Is a	20180731	20991231	
46160373	35626950	Has excipient	20180731	20991231	
46160373	35626973	VMP has prescr stat	20180731	20991231	
46160373	35626986	Has legal category	20180731	20991231	
46160373	35626993	Has disc indicator	20180731	20991231	
46160373	37310855	Has AMP restr ind	20200309	20991231	
46160373	46022920	Has AMP	20150131	20991231	
46160373	46085828	Is a	20150131	20991231	
46160374	4294600	Has disp dose form	20180731	20991231	
46160374	35607932	Has non-avail ind	20180731	20991231	
46160374	35608652	Is a	20180731	20991231	
46160374	35626950	Has excipient	20180731	20991231	
46160374	35626973	VMP has prescr stat	20180731	20991231	
46160374	35626986	Has legal category	20180731	20991231	
46160374	35626993	Has disc indicator	20180731	20991231	
46160374	37310855	Has AMP restr ind	20200309	20991231	
46160375	4293448	Has disp dose form	20180731	20991231	
46160375	35607932	Has non-avail ind	20180731	20991231	
46160375	35608652	Is a	20180731	20991231	
46160375	35626950	Has excipient	20180731	20991231	
46160375	35626973	VMP has prescr stat	20180731	20991231	
46160375	35626986	Has legal category	20180731	20991231	
46160375	35626993	Has disc indicator	20180731	20991231	
46160375	37207390	Has CD category	20190731	20991231	
46160375	37309772	Has free indicator	20200309	20991231	
46160375	37310858	Has AMP restr ind	20200309	20991231	
46160375	46022922	Has AMP	20150131	20991231	
46160376	4294612	Has disp dose form	20180731	20991231	
46160376	35607932	Has non-avail ind	20180731	20991231	
46160376	35608652	Is a	20180731	20991231	
46160376	35626973	VMP has prescr stat	20180731	20991231	
46160376	35626986	Has legal category	20180731	20991231	
46160376	35626993	Has disc indicator	20180731	20991231	
46160376	37207390	Has CD category	20190731	20991231	
46160376	37310858	Has AMP restr ind	20200309	20991231	
46160376	40480120	Has basis str subst	20180731	20991231	
46160376	40480120	Has spec active ing	20190731	20991231	
46160383	4294600	Has disp dose form	20180731	20991231	
46160383	35607932	Has non-avail ind	20180731	20991231	
46160383	35608652	Is a	20180731	20991231	
46160383	35626950	Has excipient	20180731	20991231	
46160383	35626973	VMP has prescr stat	20180731	20991231	
46160383	35626986	Has legal category	20180731	20991231	
46160383	35626993	Has disc indicator	20180731	20991231	
46160383	37207390	Has CD category	20190731	20991231	
46160383	37310855	Has AMP restr ind	20200309	20991231	
46160383	46022928	Has AMP	20150131	20991231	
46160384	4298043	Has disp dose form	20180731	20991231	
46160384	35607932	Has non-avail ind	20180731	20991231	
46160384	35608652	Is a	20180731	20991231	
46160384	35626950	Has excipient	20180731	20991231	
46160384	35626973	VMP has prescr stat	20180731	20991231	
46160384	35626986	Has legal category	20180731	20991231	
46160384	35626993	Has disc indicator	20180731	20991231	
46160384	37207383	Has CD category	20190731	20991231	
46160384	37310855	Has AMP restr ind	20200309	20991231	
46160384	46022929	Has AMP	20150131	20991231	
46160386	4285436	Has spec active ing	20180731	20991231	
46160386	35607932	Has non-avail ind	20180731	20991231	
46160386	35608652	Is a	20180731	20991231	
46160386	35626973	VMP has prescr stat	20180731	20991231	
46160386	35626988	Has legal category	20180731	20991231	
46160386	35626993	Has disc indicator	20180731	20991231	
46160386	37207390	Has CD category	20190731	20991231	
46160386	37309772	Has free indicator	20200309	20991231	
46160386	37310858	Has AMP restr ind	20200309	20991231	
46160386	46022930	Has AMP	20150131	20991231	
46160387	4285436	Has spec active ing	20180731	20991231	
46160387	35607932	Has non-avail ind	20180731	20991231	
46160387	35608652	Is a	20180731	20991231	
46160387	35626973	VMP has prescr stat	20180731	20991231	
46160387	35626988	Has legal category	20180731	20991231	
46160387	35626993	Has disc indicator	20180731	20991231	
46160387	37207390	Has CD category	20190731	20991231	
46160387	37309772	Has free indicator	20200309	20991231	
46160387	37310858	Has AMP restr ind	20200309	20991231	
46160394	35607932	Has non-avail ind	20180731	20991231	
46160394	35608652	Is a	20180731	20991231	
46160394	35626950	Has excipient	20180731	20991231	
46160394	35626975	VMP has prescr stat	20180731	20991231	
46160394	35626985	Has legal category	20180731	20991231	
46160394	35626992	Has disc indicator	20180731	20991231	
46160394	37207390	Has CD category	20190731	20991231	
46160394	37309770	Has free indicator	20200309	20991231	
46160394	37310856	Has AMP restr ind	20200309	20991231	
46160394	45956741	Has disp dose form	20180731	20991231	
46160394	46085817	Is a	20150131	20991231	
46160398	4294612	Has disp dose form	20180731	20991231	
46160398	4310101	Has spec active ing	20180731	20991231	
46160398	35607932	Has non-avail ind	20180731	20991231	
46160398	35608652	Is a	20180731	20991231	
46160398	35626973	VMP has prescr stat	20180731	20991231	
46160398	35626987	Has legal category	20180731	20991231	
46160398	37207390	Has CD category	20190731	20991231	
46160398	37310858	Has AMP restr ind	20200309	20991231	
46160399	4029636	Has excipient	20180731	20991231	
46160399	4035034	Has excipient	20180731	20991231	
46160399	4297957	Has disp dose form	20180731	20991231	
46160399	35607932	Has non-avail ind	20180731	20991231	
46160399	35608652	Is a	20180731	20991231	
46160399	35626973	VMP has prescr stat	20180731	20991231	
46160399	35626986	Has legal category	20180731	20991231	
46160399	35626993	Has disc indicator	20180731	20991231	
46160399	37207390	Has CD category	20190731	20991231	
46160399	37310858	Has AMP restr ind	20200309	20991231	
46160399	46085813	Is a	20150131	20991231	
46160400	35607932	Has non-avail ind	20180731	20991231	
46160400	35608652	Is a	20180731	20991231	
46160400	35626975	VMP has prescr stat	20180731	20991231	
46160400	35626985	Has legal category	20180731	20991231	
46160400	35626993	Has disc indicator	20180731	20991231	
46160400	37207390	Has CD category	20190731	20991231	
46160400	37310858	Has AMP restr ind	20200309	20991231	
46160400	45956741	Has disp dose form	20180731	20991231	
46160400	45981120	Has AMP	20150131	20991231	
46160404	4251625	Has spec active ing	20180731	20991231	
46160404	4294612	Has disp dose form	20180731	20991231	
46160404	35607932	Has non-avail ind	20180731	20991231	
46160404	35608652	Is a	20180731	20991231	
46160404	35626950	Has excipient	20180731	20991231	
46160404	35626973	VMP has prescr stat	20180731	20991231	
46160404	35626986	Has legal category	20180731	20991231	
46160404	35626992	Has disc indicator	20180731	20991231	
46160404	37207391	Has CD category	20190731	20991231	
46160404	37310856	Has AMP restr ind	20200309	20991231	
46160404	46102409	Is a	20150131	20991231	
46160406	4294612	Has disp dose form	20180731	20991231	
46160406	4308520	Has spec active ing	20180731	20991231	
46160406	35607932	Has non-avail ind	20180731	20991231	
46160406	35608652	Is a	20180731	20991231	
46160406	35626950	Has excipient	20180731	20991231	
46160406	35626973	VMP has prescr stat	20180731	20991231	
46160406	35626986	Has legal category	20180731	20991231	
46160406	35626992	Has disc indicator	20180731	20991231	
46160406	37207390	Has CD category	20190731	20991231	
46160406	37310858	Has AMP restr ind	20200309	20991231	
46160406	46022087	Has AMP	20150131	20991231	
46160406	46102755	Is a	20150131	20991231	
46160407	4245352	Has spec active ing	20180731	20991231	
46160407	4298043	Has disp dose form	20180731	20991231	
46160407	35607932	Has non-avail ind	20180731	20991231	
46160407	35608652	Is a	20180731	20991231	
46160407	35626950	Has excipient	20180731	20991231	
46160407	35626973	VMP has prescr stat	20180731	20991231	
46160407	35626986	Has legal category	20180731	20991231	
46160407	35626993	Has disc indicator	20180731	20991231	
46160407	37207390	Has CD category	20190731	20991231	
46160407	37310858	Has AMP restr ind	20200309	20991231	
46160408	4245352	Has spec active ing	20180731	20991231	
46160408	4298043	Has disp dose form	20180731	20991231	
46160408	35607932	Has non-avail ind	20180731	20991231	
46160408	35608652	Is a	20180731	20991231	
46160408	35626950	Has excipient	20180731	20991231	
46160408	35626973	VMP has prescr stat	20180731	20991231	
46160408	35626986	Has legal category	20180731	20991231	
46160408	35626993	Has disc indicator	20180731	20991231	
46160408	37207390	Has CD category	20190731	20991231	
46160408	37310858	Has AMP restr ind	20200309	20991231	
46160408	46104396	Is a	20150131	20991231	
46160411	4293928	Has disp dose form	20180731	20991231	
46160411	35607932	Has non-avail ind	20180731	20991231	
46160411	35608652	Is a	20180731	20991231	
46160411	35626950	Has excipient	20180731	20991231	
46160411	35626973	VMP has prescr stat	20180731	20991231	
46160411	35626986	Has legal category	20180731	20991231	
46160411	35626992	Has disc indicator	20180731	20991231	
46160411	37310856	Has AMP restr ind	20200309	20991231	
46160411	46022940	Has AMP	20150131	20991231	
46160412	4293928	Has disp dose form	20180731	20991231	
46160412	35607932	Has non-avail ind	20180731	20991231	
46160412	35608652	Is a	20180731	20991231	
46160412	35626950	Has excipient	20180731	20991231	
46160412	35626973	VMP has prescr stat	20180731	20991231	
46160412	35626986	Has legal category	20180731	20991231	
46160412	35626992	Has disc indicator	20180731	20991231	
46160412	37310856	Has AMP restr ind	20200309	20991231	
46160412	46091855	Is a	20150131	20991231	
46160418	35607932	Has non-avail ind	20180731	20991231	
46160418	35626975	VMP has prescr stat	20180731	20991231	
46160418	35626985	Has legal category	20180731	20991231	
46160418	35626993	Has disc indicator	20180731	20991231	
46160418	37207390	Has CD category	20190731	20991231	
46160418	37209199	Is a	20190731	20991231	
46160418	37310858	Has AMP restr ind	20200309	20991231	
46160418	46022944	Has AMP	20150131	20991231	
46160418	46096235	Is a	20150131	20991231	
46160418	46160418	Mapped from	20180731	20991231	
46160418	46160418	Maps to	20180731	20991231	
46160421	35607932	Has non-avail ind	20180731	20991231	
46160421	35626975	VMP has prescr stat	20180731	20991231	
46160421	35626985	Has legal category	20180731	20991231	
46160421	35626993	Has disc indicator	20180731	20991231	
46160421	37207390	Has CD category	20190731	20991231	
46160421	37209199	Is a	20190731	20991231	
46160421	37310858	Has AMP restr ind	20200309	20991231	
46160421	46096169	Is a	20150131	20991231	
46160421	46160421	Mapped from	20180731	20991231	
46160421	46160421	Maps to	20180731	20991231	
46160422	35607932	Has non-avail ind	20180731	20991231	
46160422	35626975	VMP has prescr stat	20180731	20991231	
46160422	35626985	Has legal category	20180731	20991231	
46160422	35626993	Has disc indicator	20180731	20991231	
46160422	37207390	Has CD category	20190731	20991231	
46160422	37209199	Is a	20190731	20991231	
46160422	37310858	Has AMP restr ind	20200309	20991231	
46160422	46022948	Has AMP	20150131	20991231	
46160422	46160422	Mapped from	20180731	20991231	
46160422	46160422	Maps to	20180731	20991231	
46160423	35607932	Has non-avail ind	20180731	20991231	
46160423	35626975	VMP has prescr stat	20180731	20991231	
46160423	35626985	Has legal category	20180731	20991231	
46160423	35626993	Has disc indicator	20180731	20991231	
46160423	37207390	Has CD category	20190731	20991231	
46160423	37209199	Is a	20190731	20991231	
46160423	37310858	Has AMP restr ind	20200309	20991231	
46160423	46022949	Has AMP	20150131	20991231	
46160423	46160423	Mapped from	20180731	20991231	
46160423	46160423	Maps to	20180731	20991231	
46160425	35607932	Has non-avail ind	20180731	20991231	
46160425	35626975	VMP has prescr stat	20180731	20991231	
46160425	35626985	Has legal category	20180731	20991231	
46160425	35626993	Has disc indicator	20180731	20991231	
46160425	37207390	Has CD category	20190731	20991231	
46160425	37209199	Is a	20190731	20991231	
46160425	37310858	Has AMP restr ind	20200309	20991231	
46160425	46022951	Has AMP	20150131	20991231	
46160425	46096121	Is a	20150131	20991231	
46160425	46160425	Mapped from	20180731	20991231	
46160425	46160425	Maps to	20180731	20991231	
46160429	35607932	Has non-avail ind	20180731	20991231	
46160429	35626975	VMP has prescr stat	20180731	20991231	
46160429	35626985	Has legal category	20180731	20991231	
46160429	35626993	Has disc indicator	20180731	20991231	
46160429	37207390	Has CD category	20190731	20991231	
46160429	37209199	Is a	20190731	20991231	
46160429	37310858	Has AMP restr ind	20200309	20991231	
46160429	46160429	Mapped from	20180731	20991231	
46160429	46160429	Maps to	20180731	20991231	
46160430	35607932	Has non-avail ind	20180731	20991231	
46160430	35626975	VMP has prescr stat	20180731	20991231	
46160430	35626985	Has legal category	20180731	20991231	
46160430	35626993	Has disc indicator	20180731	20991231	
46160430	37207390	Has CD category	20190731	20991231	
46160430	37209199	Is a	20190731	20991231	
46160430	37310858	Has AMP restr ind	20200309	20991231	
46160430	46022956	Has AMP	20150131	20991231	
46160430	46160430	Mapped from	20180731	20991231	
46160430	46160430	Maps to	20180731	20991231	
46160438	35607932	Has non-avail ind	20180731	20991231	
46160438	35626975	VMP has prescr stat	20180731	20991231	
46160438	35626985	Has legal category	20180731	20991231	
46160438	37207390	Has CD category	20190731	20991231	
46160438	37209199	Is a	20190731	20991231	
46160438	37310858	Has AMP restr ind	20200309	20991231	
46160438	46022963	Has AMP	20150131	20991231	
46160438	46096419	Is a	20150131	20991231	
46160438	46160438	Mapped from	20180731	20991231	
46160438	46160438	Maps to	20180731	20991231	
46160439	4294612	Has disp dose form	20180731	20991231	
46160439	35607932	Has non-avail ind	20180731	20991231	
46160439	35608652	Is a	20180731	20991231	
46160439	35626950	Has excipient	20180731	20991231	
46160439	35626973	VMP has prescr stat	20180731	20991231	
46160439	35626988	Has legal category	20180731	20991231	
46160439	35626992	Has disc indicator	20180731	20991231	
46160439	37207390	Has CD category	20190731	20991231	
46160439	37310856	Has AMP restr ind	20200309	20991231	
46160439	45984294	Has AMP	20150131	20991231	
46160442	35607932	Has non-avail ind	20180731	20991231	
46160442	35626975	VMP has prescr stat	20180731	20991231	
46160442	35626985	Has legal category	20180731	20991231	
46160442	35626992	Has disc indicator	20180731	20991231	
46160442	37207390	Has CD category	20190731	20991231	
46160442	37209199	Is a	20190731	20991231	
46160442	37310856	Has AMP restr ind	20200309	20991231	
46160442	46022965	Has AMP	20150131	20991231	
46160442	46096419	Is a	20150131	20991231	
46160442	46160442	Mapped from	20180731	20991231	
46160442	46160442	Maps to	20180731	20991231	
46160444	35607932	Has non-avail ind	20180731	20991231	
46160444	35626975	VMP has prescr stat	20180731	20991231	
46160444	35626985	Has legal category	20180731	20991231	
46160444	35626993	Has disc indicator	20180731	20991231	
46160444	37207390	Has CD category	20190731	20991231	
46160444	37209199	Is a	20190731	20991231	
46160444	37310858	Has AMP restr ind	20200309	20991231	
46160444	46091834	Is a	20150131	20991231	
46160444	46160444	Mapped from	20180731	20991231	
46160444	46160444	Maps to	20180731	20991231	
46160445	35607932	Has non-avail ind	20180731	20991231	
46160445	35626975	VMP has prescr stat	20180731	20991231	
46160445	35626985	Has legal category	20180731	20991231	
46160445	35626993	Has disc indicator	20180731	20991231	
46160445	37207390	Has CD category	20190731	20991231	
46160445	37209199	Is a	20190731	20991231	
46160445	37310858	Has AMP restr ind	20200309	20991231	
46160445	46091834	Is a	20150131	20991231	
46160445	46160445	Mapped from	20180731	20991231	
46160445	46160445	Maps to	20180731	20991231	
46160449	35607932	Has non-avail ind	20180731	20991231	
46160449	35626975	VMP has prescr stat	20180731	20991231	
46160449	35626985	Has legal category	20180731	20991231	
46160449	35626993	Has disc indicator	20180731	20991231	
46160449	37207390	Has CD category	20190731	20991231	
46160449	37209199	Is a	20190731	20991231	
46160449	37310858	Has AMP restr ind	20200309	20991231	
46160449	46091834	Is a	20150131	20991231	
46160449	46160449	Mapped from	20180731	20991231	
46160449	46160449	Maps to	20180731	20991231	
46160450	35607932	Has non-avail ind	20180731	20991231	
46160450	35626975	VMP has prescr stat	20180731	20991231	
46160450	35626985	Has legal category	20180731	20991231	
46160450	35626993	Has disc indicator	20180731	20991231	
46160450	37207390	Has CD category	20190731	20991231	
46160450	37209199	Is a	20190731	20991231	
46160450	37310858	Has AMP restr ind	20200309	20991231	
46160450	46091834	Is a	20150131	20991231	
46160450	46160450	Mapped from	20180731	20991231	
46160450	46160450	Maps to	20180731	20991231	
46160452	35607932	Has non-avail ind	20180731	20991231	
46160452	35626975	VMP has prescr stat	20180731	20991231	
46160452	35626985	Has legal category	20180731	20991231	
46160452	35626993	Has disc indicator	20180731	20991231	
46160452	37207390	Has CD category	20190731	20991231	
46160452	37209199	Is a	20190731	20991231	
46160452	37310858	Has AMP restr ind	20200309	20991231	
46160452	46022975	Has AMP	20150131	20991231	
46160452	46091834	Is a	20150131	20991231	
46160452	46160452	Mapped from	20180731	20991231	
46160452	46160452	Maps to	20180731	20991231	
46160456	35607932	Has non-avail ind	20180731	20991231	
46160456	35626975	VMP has prescr stat	20180731	20991231	
46160456	35626985	Has legal category	20180731	20991231	
46160456	35626993	Has disc indicator	20180731	20991231	
46160456	37207390	Has CD category	20190731	20991231	
46160456	37209199	Is a	20190731	20991231	
46160456	37310858	Has AMP restr ind	20200309	20991231	
46160456	46022979	Has AMP	20150131	20991231	
46160456	46091834	Is a	20150131	20991231	
46160456	46160456	Mapped from	20180731	20991231	
46160456	46160456	Maps to	20180731	20991231	
46160458	35607932	Has non-avail ind	20180731	20991231	
46160458	35626975	VMP has prescr stat	20180731	20991231	
46160458	35626985	Has legal category	20180731	20991231	
46160458	35626993	Has disc indicator	20180731	20991231	
46160458	37207390	Has CD category	20190731	20991231	
46160458	37209199	Is a	20190731	20991231	
46160458	37310858	Has AMP restr ind	20200309	20991231	
46160458	46091834	Is a	20150131	20991231	
46160458	46160458	Mapped from	20180731	20991231	
46160458	46160458	Maps to	20180731	20991231	
46160461	35607932	Has non-avail ind	20180731	20991231	
46160461	35626975	VMP has prescr stat	20180731	20991231	
46160461	35626985	Has legal category	20180731	20991231	
46160461	35626993	Has disc indicator	20180731	20991231	
46160461	37207390	Has CD category	20190731	20991231	
46160461	37209199	Is a	20190731	20991231	
46160461	37310858	Has AMP restr ind	20200309	20991231	
46160461	46022984	Has AMP	20150131	20991231	
46160461	46091834	Is a	20150131	20991231	
46160461	46160461	Mapped from	20180731	20991231	
46160461	46160461	Maps to	20180731	20991231	
46160464	35607932	Has non-avail ind	20180731	20991231	
46160464	35626975	VMP has prescr stat	20180731	20991231	
46160464	35626985	Has legal category	20180731	20991231	
46160464	35626993	Has disc indicator	20180731	20991231	
46160464	37207390	Has CD category	20190731	20991231	
46160464	37209199	Is a	20190731	20991231	
46160464	37310858	Has AMP restr ind	20200309	20991231	
46160464	46091834	Is a	20150131	20991231	
46160464	46160464	Mapped from	20180731	20991231	
46160464	46160464	Maps to	20180731	20991231	
46160465	35607932	Has non-avail ind	20180731	20991231	
46160465	35626975	VMP has prescr stat	20180731	20991231	
46160465	35626985	Has legal category	20180731	20991231	
46160465	35626993	Has disc indicator	20180731	20991231	
46160465	37207390	Has CD category	20190731	20991231	
46160465	37209199	Is a	20190731	20991231	
46160465	37310858	Has AMP restr ind	20200309	20991231	
46160465	46022988	Has AMP	20150131	20991231	
46160465	46091834	Is a	20150131	20991231	
46160465	46160465	Mapped from	20180731	20991231	
46160465	46160465	Maps to	20180731	20991231	
46160466	35607932	Has non-avail ind	20180731	20991231	
46160466	35626975	VMP has prescr stat	20180731	20991231	
46160466	35626985	Has legal category	20180731	20991231	
46160466	35626993	Has disc indicator	20180731	20991231	
46160466	37207390	Has CD category	20190731	20991231	
46160466	37209199	Is a	20190731	20991231	
46160466	37310858	Has AMP restr ind	20200309	20991231	
46160466	46022989	Has AMP	20150131	20991231	
46160466	46091834	Is a	20150131	20991231	
46160466	46160466	Mapped from	20180731	20991231	
46160466	46160466	Maps to	20180731	20991231	
46160467	35607932	Has non-avail ind	20180731	20991231	
46160467	35626975	VMP has prescr stat	20180731	20991231	
46160467	35626985	Has legal category	20180731	20991231	
46160467	35626993	Has disc indicator	20180731	20991231	
46160467	37207390	Has CD category	20190731	20991231	
46160467	37209199	Is a	20190731	20991231	
46160467	37310858	Has AMP restr ind	20200309	20991231	
46160467	46091834	Is a	20150131	20991231	
46160467	46160467	Mapped from	20180731	20991231	
46160467	46160467	Maps to	20180731	20991231	
46160468	35607932	Has non-avail ind	20180731	20991231	
46160468	35626975	VMP has prescr stat	20180731	20991231	
46160468	35626985	Has legal category	20180731	20991231	
46160468	35626993	Has disc indicator	20180731	20991231	
46160468	37207390	Has CD category	20190731	20991231	
46160468	37209199	Is a	20190731	20991231	
46160468	37310858	Has AMP restr ind	20200309	20991231	
46160468	46022991	Has AMP	20150131	20991231	
46160468	46091834	Is a	20150131	20991231	
46160468	46160468	Mapped from	20180731	20991231	
46160468	46160468	Maps to	20180731	20991231	
46160471	35607932	Has non-avail ind	20180731	20991231	
46160471	35626975	VMP has prescr stat	20180731	20991231	
46160471	35626985	Has legal category	20180731	20991231	
46160471	35626993	Has disc indicator	20180731	20991231	
46160471	36708292	Is a	20170131	20991231	
46160471	37207390	Has CD category	20190731	20991231	
46160471	37209199	Is a	20190731	20991231	
46160471	37310858	Has AMP restr ind	20200309	20991231	
46160471	46022994	Has AMP	20150131	20991231	
46160471	46091835	Is a	20150131	20991231	
46160471	46160471	Mapped from	20180731	20991231	
46160471	46160471	Maps to	20180731	20991231	
46160472	35607932	Has non-avail ind	20180731	20991231	
46160472	35626975	VMP has prescr stat	20180731	20991231	
46160472	35626985	Has legal category	20180731	20991231	
46160472	35626993	Has disc indicator	20180731	20991231	
46160472	36708292	Is a	20170131	20991231	
46160472	37207390	Has CD category	20190731	20991231	
46160472	37209199	Is a	20190731	20991231	
46160472	37310858	Has AMP restr ind	20200309	20991231	
46160472	46022995	Has AMP	20150131	20991231	
46160472	46091835	Is a	20150131	20991231	
46160472	46160472	Mapped from	20180731	20991231	
46160472	46160472	Maps to	20180731	20991231	
46160473	35607932	Has non-avail ind	20180731	20991231	
46160473	35626975	VMP has prescr stat	20180731	20991231	
46160473	35626985	Has legal category	20180731	20991231	
46160473	35626993	Has disc indicator	20180731	20991231	
46160473	36708292	Is a	20170131	20991231	
46160473	37207390	Has CD category	20190731	20991231	
46160473	37209199	Is a	20190731	20991231	
46160473	37310858	Has AMP restr ind	20200309	20991231	
46160473	46022996	Has AMP	20150131	20991231	
46160473	46091835	Is a	20150131	20991231	
46160473	46160473	Mapped from	20180731	20991231	
46160473	46160473	Maps to	20180731	20991231	
46160474	35607932	Has non-avail ind	20180731	20991231	
46160474	35626975	VMP has prescr stat	20180731	20991231	
46160474	35626985	Has legal category	20180731	20991231	
46160474	35626993	Has disc indicator	20180731	20991231	
46160474	36708292	Is a	20170131	20991231	
46160474	37207390	Has CD category	20190731	20991231	
46160474	37209199	Is a	20190731	20991231	
46160474	37310858	Has AMP restr ind	20200309	20991231	
46160474	46091835	Is a	20150131	20991231	
46160474	46160474	Mapped from	20180731	20991231	
46160474	46160474	Maps to	20180731	20991231	
46160478	35607932	Has non-avail ind	20180731	20991231	
46160478	35626975	VMP has prescr stat	20180731	20991231	
46160478	35626985	Has legal category	20180731	20991231	
46160478	35626993	Has disc indicator	20180731	20991231	
46160478	37207390	Has CD category	20190731	20991231	
46160478	37209199	Is a	20190731	20991231	
46160478	37310858	Has AMP restr ind	20200309	20991231	
46160478	46023001	Has AMP	20150131	20991231	
46160478	46091834	Is a	20150131	20991231	
46160478	46160478	Mapped from	20180731	20991231	
46160478	46160478	Maps to	20180731	20991231	
46160480	4159330	Has basis str subst	20180731	20991231	
46160480	35607932	Has non-avail ind	20180731	20991231	
46160480	35608652	Is a	20180731	20991231	
46160480	35626950	Has excipient	20180731	20991231	
46160480	35626973	VMP has prescr stat	20180731	20991231	
46160480	35626986	Has legal category	20180731	20991231	
46160480	35626993	Has disc indicator	20180731	20991231	
46160480	37207390	Has CD category	20190731	20991231	
46160480	37309772	Has free indicator	20200309	20991231	
46160480	37310858	Has AMP restr ind	20200309	20991231	
46160480	46023003	Has AMP	20150131	20991231	
46160480	46101809	Is a	20150131	20991231	
46160486	35607932	Has non-avail ind	20180731	20991231	
46160486	35626975	VMP has prescr stat	20180731	20991231	
46160486	35626985	Has legal category	20180731	20991231	
46160486	35626993	Has disc indicator	20180731	20991231	
46160486	37207390	Has CD category	20190731	20991231	
46160486	37209199	Is a	20190731	20991231	
46160486	37310858	Has AMP restr ind	20200309	20991231	
46160486	46091834	Is a	20150131	20991231	
46160486	46160486	Mapped from	20180731	20991231	
46160486	46160486	Maps to	20180731	20991231	
46160487	35607932	Has non-avail ind	20180731	20991231	
46160487	35626975	VMP has prescr stat	20180731	20991231	
46160487	35626985	Has legal category	20180731	20991231	
46160487	35626993	Has disc indicator	20180731	20991231	
46160487	37207390	Has CD category	20190731	20991231	
46160487	37209199	Is a	20190731	20991231	
46160487	37310858	Has AMP restr ind	20200309	20991231	
46160487	46023010	Has AMP	20150131	20991231	
46160487	46091834	Is a	20150131	20991231	
46160487	46160487	Mapped from	20180731	20991231	
46160487	46160487	Maps to	20180731	20991231	
46160488	35607932	Has non-avail ind	20180731	20991231	
46160488	35626975	VMP has prescr stat	20180731	20991231	
46160488	35626985	Has legal category	20180731	20991231	
46160488	35626993	Has disc indicator	20180731	20991231	
46160488	37207390	Has CD category	20190731	20991231	
46160488	37209199	Is a	20190731	20991231	
46160488	37310858	Has AMP restr ind	20200309	20991231	
46160488	46023011	Has AMP	20150131	20991231	
46160488	46091834	Is a	20150131	20991231	
46160488	46160488	Mapped from	20180731	20991231	
46160488	46160488	Maps to	20180731	20991231	
46160489	35607932	Has non-avail ind	20180731	20991231	
46160489	35626975	VMP has prescr stat	20180731	20991231	
46160489	35626985	Has legal category	20180731	20991231	
46160489	35626993	Has disc indicator	20180731	20991231	
46160489	37207390	Has CD category	20190731	20991231	
46160489	37209199	Is a	20190731	20991231	
46160489	37310858	Has AMP restr ind	20200309	20991231	
46160489	46023012	Has AMP	20150131	20991231	
46160489	46091834	Is a	20150131	20991231	
46160489	46160489	Mapped from	20180731	20991231	
46160489	46160489	Maps to	20180731	20991231	
46160491	35607932	Has non-avail ind	20180731	20991231	
46160491	35626975	VMP has prescr stat	20180731	20991231	
46160491	35626985	Has legal category	20180731	20991231	
46160491	35626993	Has disc indicator	20180731	20991231	
46160491	37207390	Has CD category	20190731	20991231	
46160491	37209199	Is a	20190731	20991231	
46160491	37310858	Has AMP restr ind	20200309	20991231	
46160491	46091834	Is a	20150131	20991231	
46160491	46160491	Mapped from	20180731	20991231	
46160491	46160491	Maps to	20180731	20991231	
46160492	35607932	Has non-avail ind	20180731	20991231	
46160492	35626975	VMP has prescr stat	20180731	20991231	
46160492	35626985	Has legal category	20180731	20991231	
46160492	35626993	Has disc indicator	20180731	20991231	
46160492	37207390	Has CD category	20190731	20991231	
46160492	37209199	Is a	20190731	20991231	
46160492	37310858	Has AMP restr ind	20200309	20991231	
46160492	46091834	Is a	20150131	20991231	
46160492	46160492	Mapped from	20180731	20991231	
46160492	46160492	Maps to	20180731	20991231	
46160496	35607932	Has non-avail ind	20180731	20991231	
46160496	35626975	VMP has prescr stat	20180731	20991231	
46160496	35626985	Has legal category	20180731	20991231	
46160496	35626993	Has disc indicator	20180731	20991231	
46160496	37207390	Has CD category	20190731	20991231	
46160496	37209199	Is a	20190731	20991231	
46160496	37310858	Has AMP restr ind	20200309	20991231	
46160496	46091834	Is a	20150131	20991231	
46160496	46160496	Mapped from	20180731	20991231	
46160496	46160496	Maps to	20180731	20991231	
46160497	35607932	Has non-avail ind	20180731	20991231	
46160497	35626975	VMP has prescr stat	20180731	20991231	
46160497	35626985	Has legal category	20180731	20991231	
46160497	35626993	Has disc indicator	20180731	20991231	
46160497	37207390	Has CD category	20190731	20991231	
46160497	37209199	Is a	20190731	20991231	
46160497	37310858	Has AMP restr ind	20200309	20991231	
46160497	46023020	Has AMP	20150131	20991231	
46160497	46091834	Is a	20150131	20991231	
46160497	46160497	Mapped from	20180731	20991231	
46160497	46160497	Maps to	20180731	20991231	
46160498	35607932	Has non-avail ind	20180731	20991231	
46160498	35626975	VMP has prescr stat	20180731	20991231	
46160498	35626985	Has legal category	20180731	20991231	
46160498	35626993	Has disc indicator	20180731	20991231	
46160498	37207390	Has CD category	20190731	20991231	
46160498	37209199	Is a	20190731	20991231	
46160498	37310858	Has AMP restr ind	20200309	20991231	
46160498	46091834	Is a	20150131	20991231	
46160498	46160498	Mapped from	20180731	20991231	
46160498	46160498	Maps to	20180731	20991231	
46160499	35607932	Has non-avail ind	20180731	20991231	
46160499	35626975	VMP has prescr stat	20180731	20991231	
46160499	35626985	Has legal category	20180731	20991231	
46160499	35626993	Has disc indicator	20180731	20991231	
46160499	37207390	Has CD category	20190731	20991231	
46160499	37209199	Is a	20190731	20991231	
46160499	37310858	Has AMP restr ind	20200309	20991231	
46160499	46023022	Has AMP	20150131	20991231	
46160499	46091834	Is a	20150131	20991231	
46160499	46160499	Mapped from	20180731	20991231	
46160499	46160499	Maps to	20180731	20991231	
46160500	35607932	Has non-avail ind	20180731	20991231	
46160500	35626975	VMP has prescr stat	20180731	20991231	
46160500	35626985	Has legal category	20180731	20991231	
46160500	35626993	Has disc indicator	20180731	20991231	
46160500	37207390	Has CD category	20190731	20991231	
46160500	37209199	Is a	20190731	20991231	
46160500	37310858	Has AMP restr ind	20200309	20991231	
46160500	46091834	Is a	20150131	20991231	
46160500	46160500	Mapped from	20180731	20991231	
46160500	46160500	Maps to	20180731	20991231	
46160502	35607932	Has non-avail ind	20180731	20991231	
46160502	35626975	VMP has prescr stat	20180731	20991231	
46160502	35626985	Has legal category	20180731	20991231	
46160502	35626993	Has disc indicator	20180731	20991231	
46160502	37207390	Has CD category	20190731	20991231	
46160502	37209199	Is a	20190731	20991231	
46160502	37310858	Has AMP restr ind	20200309	20991231	
46160502	46091834	Is a	20150131	20991231	
46160502	46160502	Mapped from	20180731	20991231	
46160502	46160502	Maps to	20180731	20991231	
46160503	35607932	Has non-avail ind	20180731	20991231	
46160503	35626975	VMP has prescr stat	20180731	20991231	
46160503	35626985	Has legal category	20180731	20991231	
46160503	35626993	Has disc indicator	20180731	20991231	
46160503	37207390	Has CD category	20190731	20991231	
46160503	37209199	Is a	20190731	20991231	
46160503	37310858	Has AMP restr ind	20200309	20991231	
46160503	46091834	Is a	20150131	20991231	
46160503	46160503	Mapped from	20180731	20991231	
46160503	46160503	Maps to	20180731	20991231	
46160504	35607932	Has non-avail ind	20180731	20991231	
46160504	35626975	VMP has prescr stat	20180731	20991231	
46160504	35626985	Has legal category	20180731	20991231	
46160504	35626993	Has disc indicator	20180731	20991231	
46160504	37207390	Has CD category	20190731	20991231	
46160504	37209199	Is a	20190731	20991231	
46160504	37310858	Has AMP restr ind	20200309	20991231	
46160504	46091834	Is a	20150131	20991231	
46160504	46160504	Mapped from	20180731	20991231	
46160504	46160504	Maps to	20180731	20991231	
46160505	35607932	Has non-avail ind	20180731	20991231	
46160505	35626975	VMP has prescr stat	20180731	20991231	
46160505	35626985	Has legal category	20180731	20991231	
46160505	35626993	Has disc indicator	20180731	20991231	
46160505	37207390	Has CD category	20190731	20991231	
46160505	37209199	Is a	20190731	20991231	
46160505	37310858	Has AMP restr ind	20200309	20991231	
46160505	46091834	Is a	20150131	20991231	
46160505	46160505	Mapped from	20180731	20991231	
46160505	46160505	Maps to	20180731	20991231	
46160509	35607932	Has non-avail ind	20180731	20991231	
46160509	35626975	VMP has prescr stat	20180731	20991231	
46160509	35626985	Has legal category	20180731	20991231	
46160509	35626993	Has disc indicator	20180731	20991231	
46160509	37207390	Has CD category	20190731	20991231	
46160509	37209199	Is a	20190731	20991231	
46160509	37310858	Has AMP restr ind	20200309	20991231	
46160509	46091834	Is a	20150131	20991231	
46160509	46160509	Mapped from	20180731	20991231	
46160509	46160509	Maps to	20180731	20991231	
46160512	35607932	Has non-avail ind	20180731	20991231	
46160512	35626975	VMP has prescr stat	20180731	20991231	
46160512	35626985	Has legal category	20180731	20991231	
46160512	35626993	Has disc indicator	20180731	20991231	
46160512	37207390	Has CD category	20190731	20991231	
46160512	37209199	Is a	20190731	20991231	
46160512	37310858	Has AMP restr ind	20200309	20991231	
46160512	46023035	Has AMP	20150131	20991231	
46160512	46091834	Is a	20150131	20991231	
46160512	46160512	Mapped from	20180731	20991231	
46160512	46160512	Maps to	20180731	20991231	
46160514	35607932	Has non-avail ind	20180731	20991231	
46160514	35626975	VMP has prescr stat	20180731	20991231	
46160514	35626985	Has legal category	20180731	20991231	
46160514	35626993	Has disc indicator	20180731	20991231	
46160514	37207390	Has CD category	20190731	20991231	
46160514	37209199	Is a	20190731	20991231	
46160514	37310858	Has AMP restr ind	20200309	20991231	
46160514	46096260	Is a	20150131	20991231	
46160514	46160514	Mapped from	20180731	20991231	
46160514	46160514	Maps to	20180731	20991231	
46160517	35607932	Has non-avail ind	20180731	20991231	
46160517	35626975	VMP has prescr stat	20180731	20991231	
46160517	35626985	Has legal category	20180731	20991231	
46160517	35626993	Has disc indicator	20180731	20991231	
46160517	37207390	Has CD category	20190731	20991231	
46160517	37209199	Is a	20190731	20991231	
46160517	37310858	Has AMP restr ind	20200309	20991231	
46160517	46096260	Is a	20150131	20991231	
46160517	46160517	Mapped from	20180731	20991231	
46160517	46160517	Maps to	20180731	20991231	
46160518	35607932	Has non-avail ind	20180731	20991231	
46160518	35626975	VMP has prescr stat	20180731	20991231	
46160518	35626985	Has legal category	20180731	20991231	
46160518	35626993	Has disc indicator	20180731	20991231	
46160518	37207390	Has CD category	20190731	20991231	
46160518	37209199	Is a	20190731	20991231	
46160518	37310858	Has AMP restr ind	20200309	20991231	
46160518	46096260	Is a	20150131	20991231	
46160518	46160518	Mapped from	20180731	20991231	
46160518	46160518	Maps to	20180731	20991231	
46160524	35607932	Has non-avail ind	20180731	20991231	
46160524	35626975	VMP has prescr stat	20180731	20991231	
46160524	35626985	Has legal category	20180731	20991231	
46160524	35626993	Has disc indicator	20180731	20991231	
46160524	37207390	Has CD category	20190731	20991231	
46160524	37209199	Is a	20190731	20991231	
46160524	37310858	Has AMP restr ind	20200309	20991231	
46160524	46091834	Is a	20150131	20991231	
46160524	46160524	Mapped from	20180731	20991231	
46160524	46160524	Maps to	20180731	20991231	
46160525	35607932	Has non-avail ind	20180731	20991231	
46160525	35626975	VMP has prescr stat	20180731	20991231	
46160525	35626985	Has legal category	20180731	20991231	
46160525	35626993	Has disc indicator	20180731	20991231	
46160525	37207390	Has CD category	20190731	20991231	
46160525	37209199	Is a	20190731	20991231	
46160525	37310858	Has AMP restr ind	20200309	20991231	
46160525	46023048	Has AMP	20150131	20991231	
46160525	46091834	Is a	20150131	20991231	
46160525	46160525	Mapped from	20180731	20991231	
46160525	46160525	Maps to	20180731	20991231	
46160528	35607932	Has non-avail ind	20180731	20991231	
46160528	35626975	VMP has prescr stat	20180731	20991231	
46160528	35626985	Has legal category	20180731	20991231	
46160528	35626993	Has disc indicator	20180731	20991231	
46160528	37207390	Has CD category	20190731	20991231	
46160528	37209199	Is a	20190731	20991231	
46160528	37310858	Has AMP restr ind	20200309	20991231	
46160528	46091834	Is a	20150131	20991231	
46160528	46160528	Mapped from	20180731	20991231	
46160528	46160528	Maps to	20180731	20991231	
46160530	35607932	Has non-avail ind	20180731	20991231	
46160530	35626975	VMP has prescr stat	20180731	20991231	
46160530	35626985	Has legal category	20180731	20991231	
46160530	35626993	Has disc indicator	20180731	20991231	
46160530	37207390	Has CD category	20190731	20991231	
46160530	37209199	Is a	20190731	20991231	
46160530	37310858	Has AMP restr ind	20200309	20991231	
46160530	46023053	Has AMP	20150131	20991231	
46160530	46091834	Is a	20150131	20991231	
46160530	46160530	Mapped from	20180731	20991231	
46160530	46160530	Maps to	20180731	20991231	
46160531	35607932	Has non-avail ind	20180731	20991231	
46160531	35626975	VMP has prescr stat	20180731	20991231	
46160531	35626985	Has legal category	20180731	20991231	
46160531	35626993	Has disc indicator	20180731	20991231	
46160531	37207390	Has CD category	20190731	20991231	
46160531	37209199	Is a	20190731	20991231	
46160531	37310858	Has AMP restr ind	20200309	20991231	
46160531	46091834	Is a	20150131	20991231	
46160531	46160531	Mapped from	20180731	20991231	
46160531	46160531	Maps to	20180731	20991231	
46160532	35607932	Has non-avail ind	20180731	20991231	
46160532	35626975	VMP has prescr stat	20180731	20991231	
46160532	35626985	Has legal category	20180731	20991231	
46160532	35626993	Has disc indicator	20180731	20991231	
46160532	37207390	Has CD category	20190731	20991231	
46160532	37209199	Is a	20190731	20991231	
46160532	37310858	Has AMP restr ind	20200309	20991231	
46160532	46023054	Has AMP	20150131	20991231	
46160532	46096260	Is a	20150131	20991231	
46160532	46160532	Mapped from	20180731	20991231	
46160532	46160532	Maps to	20180731	20991231	
46160533	35607932	Has non-avail ind	20180731	20991231	
46160533	35626975	VMP has prescr stat	20180731	20991231	
46160533	35626985	Has legal category	20180731	20991231	
46160533	35626993	Has disc indicator	20180731	20991231	
46160533	37207390	Has CD category	20190731	20991231	
46160533	37209199	Is a	20190731	20991231	
46160533	37310858	Has AMP restr ind	20200309	20991231	
46160533	46023056	Has AMP	20150131	20991231	
46160533	46091834	Is a	20150131	20991231	
46160533	46160533	Mapped from	20180731	20991231	
46160533	46160533	Maps to	20180731	20991231	
46160534	35607932	Has non-avail ind	20180731	20991231	
46160534	35626975	VMP has prescr stat	20180731	20991231	
46160534	35626985	Has legal category	20180731	20991231	
46160534	35626993	Has disc indicator	20180731	20991231	
46160534	37207390	Has CD category	20190731	20991231	
46160534	37209199	Is a	20190731	20991231	
46160534	37310858	Has AMP restr ind	20200309	20991231	
46160534	46096260	Is a	20150131	20991231	
46160534	46160534	Mapped from	20180731	20991231	
46160534	46160534	Maps to	20180731	20991231	
46160535	35607932	Has non-avail ind	20180731	20991231	
46160535	35626975	VMP has prescr stat	20180731	20991231	
46160535	35626985	Has legal category	20180731	20991231	
46160535	35626993	Has disc indicator	20180731	20991231	
46160535	37207390	Has CD category	20190731	20991231	
46160535	37209199	Is a	20190731	20991231	
46160535	37310858	Has AMP restr ind	20200309	20991231	
46160535	46091834	Is a	20150131	20991231	
46160535	46160535	Mapped from	20180731	20991231	
46160535	46160535	Maps to	20180731	20991231	
46160537	35607932	Has non-avail ind	20180731	20991231	
46160537	35626975	VMP has prescr stat	20180731	20991231	
46160537	35626985	Has legal category	20180731	20991231	
46160537	35626993	Has disc indicator	20180731	20991231	
46160537	37207390	Has CD category	20190731	20991231	
46160537	37209199	Is a	20190731	20991231	
46160537	37310858	Has AMP restr ind	20200309	20991231	
46160537	46023060	Has AMP	20150131	20991231	
46160537	46091834	Is a	20150131	20991231	
46160537	46160537	Mapped from	20180731	20991231	
46160537	46160537	Maps to	20180731	20991231	
46160540	35607932	Has non-avail ind	20180731	20991231	
46160540	35626975	VMP has prescr stat	20180731	20991231	
46160540	35626985	Has legal category	20180731	20991231	
46160540	35626993	Has disc indicator	20180731	20991231	
46160540	37207390	Has CD category	20190731	20991231	
46160540	37209199	Is a	20190731	20991231	
46160540	37310858	Has AMP restr ind	20200309	20991231	
46160540	46023062	Has AMP	20150131	20991231	
46160540	46096260	Is a	20150131	20991231	
46160540	46160540	Mapped from	20180731	20991231	
46160540	46160540	Maps to	20180731	20991231	
46160541	35607932	Has non-avail ind	20180731	20991231	
46160541	35626975	VMP has prescr stat	20180731	20991231	
46160541	35626985	Has legal category	20180731	20991231	
46160541	35626993	Has disc indicator	20180731	20991231	
46160541	37207390	Has CD category	20190731	20991231	
46160541	37209199	Is a	20190731	20991231	
46160541	37310858	Has AMP restr ind	20200309	20991231	
46160541	46023064	Has AMP	20150131	20991231	
46160541	46096260	Is a	20150131	20991231	
46160541	46160541	Mapped from	20180731	20991231	
46160541	46160541	Maps to	20180731	20991231	
46160542	35607932	Has non-avail ind	20180731	20991231	
46160542	35626975	VMP has prescr stat	20180731	20991231	
46160542	35626985	Has legal category	20180731	20991231	
46160542	35626993	Has disc indicator	20180731	20991231	
46160542	37207390	Has CD category	20190731	20991231	
46160542	37209199	Is a	20190731	20991231	
46160542	37310858	Has AMP restr ind	20200309	20991231	
46160542	46091834	Is a	20150131	20991231	
46160542	46160542	Mapped from	20180731	20991231	
46160542	46160542	Maps to	20180731	20991231	
46160543	35607932	Has non-avail ind	20180731	20991231	
46160543	35626975	VMP has prescr stat	20180731	20991231	
46160543	35626985	Has legal category	20180731	20991231	
46160543	35626993	Has disc indicator	20180731	20991231	
46160543	37207390	Has CD category	20190731	20991231	
46160543	37209199	Is a	20190731	20991231	
46160543	37310858	Has AMP restr ind	20200309	20991231	
46160543	46096260	Is a	20150131	20991231	
46160543	46160543	Mapped from	20180731	20991231	
46160543	46160543	Maps to	20180731	20991231	
46160544	35607932	Has non-avail ind	20180731	20991231	
46160544	35626975	VMP has prescr stat	20180731	20991231	
46160544	35626985	Has legal category	20180731	20991231	
46160544	35626993	Has disc indicator	20180731	20991231	
46160544	37207390	Has CD category	20190731	20991231	
46160544	37209199	Is a	20190731	20991231	
46160544	37310858	Has AMP restr ind	20200309	20991231	
46160544	46023067	Has AMP	20150131	20991231	
46160544	46091834	Is a	20150131	20991231	
46160544	46160544	Mapped from	20180731	20991231	
46160544	46160544	Maps to	20180731	20991231	
46160546	35607932	Has non-avail ind	20180731	20991231	
46160546	35626975	VMP has prescr stat	20180731	20991231	
46160546	35626985	Has legal category	20180731	20991231	
46160546	35626993	Has disc indicator	20180731	20991231	
46160546	37207390	Has CD category	20190731	20991231	
46160546	37209199	Is a	20190731	20991231	
46160546	37310858	Has AMP restr ind	20200309	20991231	
46160546	46091834	Is a	20150131	20991231	
46160546	46160546	Mapped from	20180731	20991231	
46160546	46160546	Maps to	20180731	20991231	
46160547	35607932	Has non-avail ind	20180731	20991231	
46160547	35626975	VMP has prescr stat	20180731	20991231	
46160547	35626985	Has legal category	20180731	20991231	
46160547	35626993	Has disc indicator	20180731	20991231	
46160547	37207390	Has CD category	20190731	20991231	
46160547	37209199	Is a	20190731	20991231	
46160547	37310858	Has AMP restr ind	20200309	20991231	
46160547	46096260	Is a	20150131	20991231	
46160547	46160547	Mapped from	20180731	20991231	
46160547	46160547	Maps to	20180731	20991231	
46160550	35607932	Has non-avail ind	20180731	20991231	
46160550	35626975	VMP has prescr stat	20180731	20991231	
46160550	35626985	Has legal category	20180731	20991231	
46160550	35626993	Has disc indicator	20180731	20991231	
46160550	37207390	Has CD category	20190731	20991231	
46160550	37209199	Is a	20190731	20991231	
46160550	37310858	Has AMP restr ind	20200309	20991231	
46160550	46023073	Has AMP	20150131	20991231	
46160550	46096260	Is a	20150131	20991231	
46160550	46160550	Mapped from	20180731	20991231	
46160550	46160550	Maps to	20180731	20991231	
46160553	35607932	Has non-avail ind	20180731	20991231	
46160553	35626975	VMP has prescr stat	20180731	20991231	
46160553	35626985	Has legal category	20180731	20991231	
46160553	35626993	Has disc indicator	20180731	20991231	
46160553	37207390	Has CD category	20190731	20991231	
46160553	37209199	Is a	20190731	20991231	
46160553	37310858	Has AMP restr ind	20200309	20991231	
46160553	46096260	Is a	20150131	20991231	
46160553	46160553	Mapped from	20180731	20991231	
46160553	46160553	Maps to	20180731	20991231	
46160556	35607932	Has non-avail ind	20180731	20991231	
46160556	35626975	VMP has prescr stat	20180731	20991231	
46160556	35626985	Has legal category	20180731	20991231	
46160556	35626993	Has disc indicator	20180731	20991231	
46160556	37207390	Has CD category	20190731	20991231	
46160556	37209199	Is a	20190731	20991231	
46160556	37310858	Has AMP restr ind	20200309	20991231	
46160556	46023079	Has AMP	20150131	20991231	
46160556	46091834	Is a	20150131	20991231	
46160556	46160556	Mapped from	20180731	20991231	
46160556	46160556	Maps to	20180731	20991231	
46160558	35607932	Has non-avail ind	20180731	20991231	
46160558	35626975	VMP has prescr stat	20180731	20991231	
46160558	35626985	Has legal category	20180731	20991231	
46160558	35626993	Has disc indicator	20180731	20991231	
46160558	37207390	Has CD category	20190731	20991231	
46160558	37209199	Is a	20190731	20991231	
46160558	37310858	Has AMP restr ind	20200309	20991231	
46160558	46091834	Is a	20150131	20991231	
46160558	46160558	Mapped from	20180731	20991231	
46160558	46160558	Maps to	20180731	20991231	
46160560	35607932	Has non-avail ind	20180731	20991231	
46160560	35626975	VMP has prescr stat	20180731	20991231	
46160560	35626985	Has legal category	20180731	20991231	
46160560	35626993	Has disc indicator	20180731	20991231	
46160560	37207390	Has CD category	20190731	20991231	
46160560	37209199	Is a	20190731	20991231	
46160560	37310858	Has AMP restr ind	20200309	20991231	
46160560	46023083	Has AMP	20150131	20991231	
46160560	46096260	Is a	20150131	20991231	
46160560	46160560	Mapped from	20180731	20991231	
46160560	46160560	Maps to	20180731	20991231	
46160561	35607932	Has non-avail ind	20180731	20991231	
46160561	35626975	VMP has prescr stat	20180731	20991231	
46160561	35626985	Has legal category	20180731	20991231	
46160561	35626993	Has disc indicator	20180731	20991231	
46160561	37207390	Has CD category	20190731	20991231	
46160561	37209199	Is a	20190731	20991231	
46160561	37310858	Has AMP restr ind	20200309	20991231	
46160561	46091834	Is a	20150131	20991231	
46160561	46160561	Mapped from	20180731	20991231	
46160561	46160561	Maps to	20180731	20991231	
46160562	35607932	Has non-avail ind	20180731	20991231	
46160562	35626975	VMP has prescr stat	20180731	20991231	
46160562	35626985	Has legal category	20180731	20991231	
46160562	35626993	Has disc indicator	20180731	20991231	
46160562	37207390	Has CD category	20190731	20991231	
46160562	37209199	Is a	20190731	20991231	
46160562	37310858	Has AMP restr ind	20200309	20991231	
46160562	46091834	Is a	20150131	20991231	
46160562	46160562	Mapped from	20180731	20991231	
46160562	46160562	Maps to	20180731	20991231	
46160572	35607932	Has non-avail ind	20180731	20991231	
46160572	35626975	VMP has prescr stat	20180731	20991231	
46160572	35626985	Has legal category	20180731	20991231	
46160572	35626993	Has disc indicator	20180731	20991231	
46160572	37207390	Has CD category	20190731	20991231	
46160572	37209199	Is a	20190731	20991231	
46160572	37310858	Has AMP restr ind	20200309	20991231	
46160572	46023095	Has AMP	20150131	20991231	
46160572	46091834	Is a	20150131	20991231	
46160572	46160572	Mapped from	20180731	20991231	
46160572	46160572	Maps to	20180731	20991231	
46160573	35607932	Has non-avail ind	20180731	20991231	
46160573	35626975	VMP has prescr stat	20180731	20991231	
46160573	35626985	Has legal category	20180731	20991231	
46160573	35626993	Has disc indicator	20180731	20991231	
46160573	37207390	Has CD category	20190731	20991231	
46160573	37209199	Is a	20190731	20991231	
46160573	37310858	Has AMP restr ind	20200309	20991231	
46160573	46096260	Is a	20150131	20991231	
46160573	46160573	Mapped from	20180731	20991231	
46160573	46160573	Maps to	20180731	20991231	
46160574	35607932	Has non-avail ind	20180731	20991231	
46160574	35626975	VMP has prescr stat	20180731	20991231	
46160574	35626985	Has legal category	20180731	20991231	
46160574	35626993	Has disc indicator	20180731	20991231	
46160574	37207390	Has CD category	20190731	20991231	
46160574	37209199	Is a	20190731	20991231	
46160574	37310858	Has AMP restr ind	20200309	20991231	
46160574	46023097	Has AMP	20150131	20991231	
46160574	46091834	Is a	20150131	20991231	
46160574	46160574	Mapped from	20180731	20991231	
46160574	46160574	Maps to	20180731	20991231	
46160576	35607932	Has non-avail ind	20180731	20991231	
46160576	35626975	VMP has prescr stat	20180731	20991231	
46160576	35626985	Has legal category	20180731	20991231	
46160576	35626993	Has disc indicator	20180731	20991231	
46160576	37207390	Has CD category	20190731	20991231	
46160576	37209199	Is a	20190731	20991231	
46160576	37310858	Has AMP restr ind	20200309	20991231	
46160576	46023099	Has AMP	20150131	20991231	
46160576	46096260	Is a	20150131	20991231	
46160576	46160576	Mapped from	20180731	20991231	
46160576	46160576	Maps to	20180731	20991231	
46160577	35607932	Has non-avail ind	20180731	20991231	
46160577	35626975	VMP has prescr stat	20180731	20991231	
46160577	35626985	Has legal category	20180731	20991231	
46160577	35626993	Has disc indicator	20180731	20991231	
46160577	37207390	Has CD category	20190731	20991231	
46160577	37209199	Is a	20190731	20991231	
46160577	37310858	Has AMP restr ind	20200309	20991231	
46160577	46091834	Is a	20150131	20991231	
46160577	46160577	Mapped from	20180731	20991231	
46160577	46160577	Maps to	20180731	20991231	
46160578	35607932	Has non-avail ind	20180731	20991231	
46160578	35626975	VMP has prescr stat	20180731	20991231	
46160578	35626985	Has legal category	20180731	20991231	
46160578	35626993	Has disc indicator	20180731	20991231	
46160578	37207390	Has CD category	20190731	20991231	
46160578	37209199	Is a	20190731	20991231	
46160578	37310858	Has AMP restr ind	20200309	20991231	
46160578	46023101	Has AMP	20150131	20991231	
46160578	46096260	Is a	20150131	20991231	
46160578	46160578	Mapped from	20180731	20991231	
46160578	46160578	Maps to	20180731	20991231	
46160579	35607932	Has non-avail ind	20180731	20991231	
46160579	35626975	VMP has prescr stat	20180731	20991231	
46160579	35626985	Has legal category	20180731	20991231	
46160579	35626993	Has disc indicator	20180731	20991231	
46160579	37207390	Has CD category	20190731	20991231	
46160579	37209199	Is a	20190731	20991231	
46160579	37310858	Has AMP restr ind	20200309	20991231	
46160579	46023102	Has AMP	20150131	20991231	
46160579	46091834	Is a	20150131	20991231	
46160579	46160579	Mapped from	20180731	20991231	
46160579	46160579	Maps to	20180731	20991231	
46160580	35607932	Has non-avail ind	20180731	20991231	
46160580	35626975	VMP has prescr stat	20180731	20991231	
46160580	35626985	Has legal category	20180731	20991231	
46160580	35626993	Has disc indicator	20180731	20991231	
46160580	37207390	Has CD category	20190731	20991231	
46160580	37209199	Is a	20190731	20991231	
46160580	37310858	Has AMP restr ind	20200309	20991231	
46160580	46096260	Is a	20150131	20991231	
46160580	46160580	Mapped from	20180731	20991231	
46160580	46160580	Maps to	20180731	20991231	
46160583	35607932	Has non-avail ind	20180731	20991231	
46160583	35626975	VMP has prescr stat	20180731	20991231	
46160583	35626985	Has legal category	20180731	20991231	
46160583	35626993	Has disc indicator	20180731	20991231	
46160583	37207390	Has CD category	20190731	20991231	
46160583	37209199	Is a	20190731	20991231	
46160583	37310858	Has AMP restr ind	20200309	20991231	
46160583	46023106	Has AMP	20150131	20991231	
46160583	46091834	Is a	20150131	20991231	
46160583	46160583	Mapped from	20180731	20991231	
46160583	46160583	Maps to	20180731	20991231	
46160584	35607932	Has non-avail ind	20180731	20991231	
46160584	35626975	VMP has prescr stat	20180731	20991231	
46160584	35626985	Has legal category	20180731	20991231	
46160584	35626993	Has disc indicator	20180731	20991231	
46160584	37207390	Has CD category	20190731	20991231	
46160584	37209199	Is a	20190731	20991231	
46160584	37310858	Has AMP restr ind	20200309	20991231	
46160584	46023107	Has AMP	20150131	20991231	
46160584	46096260	Is a	20150131	20991231	
46160584	46160584	Mapped from	20180731	20991231	
46160584	46160584	Maps to	20180731	20991231	
46160586	35607932	Has non-avail ind	20180731	20991231	
46160586	35626975	VMP has prescr stat	20180731	20991231	
46160586	35626985	Has legal category	20180731	20991231	
46160586	35626993	Has disc indicator	20180731	20991231	
46160586	37207390	Has CD category	20190731	20991231	
46160586	37209199	Is a	20190731	20991231	
46160586	37310858	Has AMP restr ind	20200309	20991231	
46160586	46023109	Has AMP	20150131	20991231	
46160586	46096260	Is a	20150131	20991231	
46160586	46160586	Mapped from	20180731	20991231	
46160586	46160586	Maps to	20180731	20991231	
46160588	35607932	Has non-avail ind	20180731	20991231	
46160588	35626975	VMP has prescr stat	20180731	20991231	
46160588	35626985	Has legal category	20180731	20991231	
46160588	35626993	Has disc indicator	20180731	20991231	
46160588	37207390	Has CD category	20190731	20991231	
46160588	37209199	Is a	20190731	20991231	
46160588	37310858	Has AMP restr ind	20200309	20991231	
46160588	46023111	Has AMP	20150131	20991231	
46160588	46096260	Is a	20150131	20991231	
46160588	46160588	Mapped from	20180731	20991231	
46160588	46160588	Maps to	20180731	20991231	
46160589	35607932	Has non-avail ind	20180731	20991231	
46160589	35626975	VMP has prescr stat	20180731	20991231	
46160589	35626985	Has legal category	20180731	20991231	
46160589	35626993	Has disc indicator	20180731	20991231	
46160589	37207390	Has CD category	20190731	20991231	
46160589	37209199	Is a	20190731	20991231	
46160589	37310858	Has AMP restr ind	20200309	20991231	
46160589	46023113	Has AMP	20150131	20991231	
46160589	46091834	Is a	20150131	20991231	
46160589	46160589	Mapped from	20180731	20991231	
46160589	46160589	Maps to	20180731	20991231	
46160593	35607932	Has non-avail ind	20180731	20991231	
46160593	35626975	VMP has prescr stat	20180731	20991231	
46160593	35626985	Has legal category	20180731	20991231	
46160593	35626993	Has disc indicator	20180731	20991231	
46160593	37207390	Has CD category	20190731	20991231	
46160593	37209199	Is a	20190731	20991231	
46160593	37310858	Has AMP restr ind	20200309	20991231	
46160593	46091834	Is a	20150131	20991231	
46160593	46160593	Mapped from	20180731	20991231	
46160593	46160593	Maps to	20180731	20991231	
46160594	35607932	Has non-avail ind	20180731	20991231	
46160594	35626975	VMP has prescr stat	20180731	20991231	
46160594	35626985	Has legal category	20180731	20991231	
46160594	35626993	Has disc indicator	20180731	20991231	
46160594	37207390	Has CD category	20190731	20991231	
46160594	37209199	Is a	20190731	20991231	
46160594	37310858	Has AMP restr ind	20200309	20991231	
46160594	46023117	Has AMP	20150131	20991231	
46160594	46091834	Is a	20150131	20991231	
46160594	46160594	Mapped from	20180731	20991231	
46160594	46160594	Maps to	20180731	20991231	
46160596	35607932	Has non-avail ind	20180731	20991231	
46160596	35626975	VMP has prescr stat	20180731	20991231	
46160596	35626985	Has legal category	20180731	20991231	
46160596	35626993	Has disc indicator	20180731	20991231	
46160596	37207390	Has CD category	20190731	20991231	
46160596	37209199	Is a	20190731	20991231	
46160596	37310858	Has AMP restr ind	20200309	20991231	
46160596	46023119	Has AMP	20150131	20991231	
46160596	46091834	Is a	20150131	20991231	
46160596	46160596	Mapped from	20180731	20991231	
46160596	46160596	Maps to	20180731	20991231	
46160597	35607932	Has non-avail ind	20180731	20991231	
46160597	35626975	VMP has prescr stat	20180731	20991231	
46160597	35626985	Has legal category	20180731	20991231	
46160597	35626993	Has disc indicator	20180731	20991231	
46160597	37207390	Has CD category	20190731	20991231	
46160597	37209199	Is a	20190731	20991231	
46160597	37310858	Has AMP restr ind	20200309	20991231	
46160597	46023120	Has AMP	20150131	20991231	
46160597	46091834	Is a	20150131	20991231	
46160597	46160597	Mapped from	20180731	20991231	
46160597	46160597	Maps to	20180731	20991231	
46160599	35607932	Has non-avail ind	20180731	20991231	
46160599	35626975	VMP has prescr stat	20180731	20991231	
46160599	35626985	Has legal category	20180731	20991231	
46160599	35626993	Has disc indicator	20180731	20991231	
46160599	37207390	Has CD category	20190731	20991231	
46160599	37209199	Is a	20190731	20991231	
46160599	37310858	Has AMP restr ind	20200309	20991231	
46160599	46023122	Has AMP	20150131	20991231	
46160599	46091834	Is a	20150131	20991231	
46160599	46160599	Mapped from	20180731	20991231	
46160599	46160599	Maps to	20180731	20991231	
46160601	35607932	Has non-avail ind	20180731	20991231	
46160601	35626975	VMP has prescr stat	20180731	20991231	
46160601	35626985	Has legal category	20180731	20991231	
46160601	35626993	Has disc indicator	20180731	20991231	
46160601	37207390	Has CD category	20190731	20991231	
46160601	37209199	Is a	20190731	20991231	
46160601	37310858	Has AMP restr ind	20200309	20991231	
46160601	46091834	Is a	20150131	20991231	
46160601	46160601	Mapped from	20180731	20991231	
46160601	46160601	Maps to	20180731	20991231	
46160603	35607932	Has non-avail ind	20180731	20991231	
46160603	35626975	VMP has prescr stat	20180731	20991231	
46160603	35626985	Has legal category	20180731	20991231	
46160603	35626993	Has disc indicator	20180731	20991231	
46160603	37207390	Has CD category	20190731	20991231	
46160603	37209199	Is a	20190731	20991231	
46160603	37310858	Has AMP restr ind	20200309	20991231	
46160603	46091834	Is a	20150131	20991231	
46160603	46160603	Mapped from	20180731	20991231	
46160603	46160603	Maps to	20180731	20991231	
46160608	35607932	Has non-avail ind	20180731	20991231	
46160608	35626975	VMP has prescr stat	20180731	20991231	
46160608	35626985	Has legal category	20180731	20991231	
46160608	35626993	Has disc indicator	20180731	20991231	
46160608	37207390	Has CD category	20190731	20991231	
46160608	37209199	Is a	20190731	20991231	
46160608	37310858	Has AMP restr ind	20200309	20991231	
46160608	46023131	Has AMP	20150131	20991231	
46160608	46091834	Is a	20150131	20991231	
46160608	46160608	Mapped from	20180731	20991231	
46160608	46160608	Maps to	20180731	20991231	
46160610	35607932	Has non-avail ind	20180731	20991231	
46160610	35626975	VMP has prescr stat	20180731	20991231	
46160610	35626985	Has legal category	20180731	20991231	
46160610	35626993	Has disc indicator	20180731	20991231	
46160610	37207390	Has CD category	20190731	20991231	
46160610	37209199	Is a	20190731	20991231	
46160610	37310858	Has AMP restr ind	20200309	20991231	
46160610	46091834	Is a	20150131	20991231	
46160610	46160610	Mapped from	20180731	20991231	
46160610	46160610	Maps to	20180731	20991231	
46160611	35607932	Has non-avail ind	20180731	20991231	
46160611	35626975	VMP has prescr stat	20180731	20991231	
46160611	35626985	Has legal category	20180731	20991231	
46160611	35626993	Has disc indicator	20180731	20991231	
46160611	37207390	Has CD category	20190731	20991231	
46160611	37209199	Is a	20190731	20991231	
46160611	37310858	Has AMP restr ind	20200309	20991231	
46160611	46023134	Has AMP	20150131	20991231	
46160611	46091834	Is a	20150131	20991231	
46160611	46160611	Mapped from	20180731	20991231	
46160611	46160611	Maps to	20180731	20991231	
46160613	35607932	Has non-avail ind	20180731	20991231	
46160613	35626975	VMP has prescr stat	20180731	20991231	
46160613	35626985	Has legal category	20180731	20991231	
46160613	35626993	Has disc indicator	20180731	20991231	
46160613	37207390	Has CD category	20190731	20991231	
46160613	37209199	Is a	20190731	20991231	
46160613	37310858	Has AMP restr ind	20200309	20991231	
46160613	46023136	Has AMP	20150131	20991231	
46160613	46091834	Is a	20150131	20991231	
46160613	46160613	Mapped from	20180731	20991231	
46160613	46160613	Maps to	20180731	20991231	
46160615	35607932	Has non-avail ind	20180731	20991231	
46160615	35626975	VMP has prescr stat	20180731	20991231	
46160615	35626985	Has legal category	20180731	20991231	
46160615	35626993	Has disc indicator	20180731	20991231	
46160615	37207390	Has CD category	20190731	20991231	
46160615	37209199	Is a	20190731	20991231	
46160615	37310858	Has AMP restr ind	20200309	20991231	
46160615	46091834	Is a	20150131	20991231	
46160615	46160615	Mapped from	20180731	20991231	
46160615	46160615	Maps to	20180731	20991231	
46160618	35607932	Has non-avail ind	20180731	20991231	
46160618	35626975	VMP has prescr stat	20180731	20991231	
46160618	35626985	Has legal category	20180731	20991231	
46160618	35626993	Has disc indicator	20180731	20991231	
46160618	37207390	Has CD category	20190731	20991231	
46160618	37209199	Is a	20190731	20991231	
46160618	37310858	Has AMP restr ind	20200309	20991231	
46160618	46091834	Is a	20150131	20991231	
46160618	46160618	Mapped from	20180731	20991231	
46160618	46160618	Maps to	20180731	20991231	
46160622	35607932	Has non-avail ind	20180731	20991231	
46160622	35626975	VMP has prescr stat	20180731	20991231	
46160622	35626985	Has legal category	20180731	20991231	
46160622	35626993	Has disc indicator	20180731	20991231	
46160622	37207390	Has CD category	20190731	20991231	
46160622	37209199	Is a	20190731	20991231	
46160622	37310858	Has AMP restr ind	20200309	20991231	
46160622	46023145	Has AMP	20150131	20991231	
46160622	46091834	Is a	20150131	20991231	
46160622	46160622	Mapped from	20180731	20991231	
46160622	46160622	Maps to	20180731	20991231	
46160623	35607932	Has non-avail ind	20180731	20991231	
46160623	35626975	VMP has prescr stat	20180731	20991231	
46160623	35626985	Has legal category	20180731	20991231	
46160623	35626993	Has disc indicator	20180731	20991231	
46160623	37207390	Has CD category	20190731	20991231	
46160623	37209199	Is a	20190731	20991231	
46160623	37310858	Has AMP restr ind	20200309	20991231	
46160623	46091834	Is a	20150131	20991231	
46160623	46160623	Mapped from	20180731	20991231	
46160623	46160623	Maps to	20180731	20991231	
46160624	35607932	Has non-avail ind	20180731	20991231	
46160624	35626975	VMP has prescr stat	20180731	20991231	
46160624	35626985	Has legal category	20180731	20991231	
46160624	35626993	Has disc indicator	20180731	20991231	
46160624	37207390	Has CD category	20190731	20991231	
46160624	37209199	Is a	20190731	20991231	
46160624	37310858	Has AMP restr ind	20200309	20991231	
46160624	46023147	Has AMP	20150131	20991231	
46160624	46091834	Is a	20150131	20991231	
46160624	46160624	Mapped from	20180731	20991231	
46160624	46160624	Maps to	20180731	20991231	
46160625	35607932	Has non-avail ind	20180731	20991231	
46160625	35626975	VMP has prescr stat	20180731	20991231	
46160625	35626985	Has legal category	20180731	20991231	
46160625	35626993	Has disc indicator	20180731	20991231	
46160625	37207390	Has CD category	20190731	20991231	
46160625	37209199	Is a	20190731	20991231	
46160625	37310858	Has AMP restr ind	20200309	20991231	
46160625	46023148	Has AMP	20150131	20991231	
46160625	46091834	Is a	20150131	20991231	
46160625	46160625	Mapped from	20180731	20991231	
46160625	46160625	Maps to	20180731	20991231	
46160627	35607932	Has non-avail ind	20180731	20991231	
46160627	35626975	VMP has prescr stat	20180731	20991231	
46160627	35626985	Has legal category	20180731	20991231	
46160627	35626993	Has disc indicator	20180731	20991231	
46160627	37207390	Has CD category	20190731	20991231	
46160627	37209199	Is a	20190731	20991231	
46160627	37310858	Has AMP restr ind	20200309	20991231	
46160627	46091834	Is a	20150131	20991231	
46160627	46160627	Mapped from	20180731	20991231	
46160627	46160627	Maps to	20180731	20991231	
46160628	35607932	Has non-avail ind	20180731	20991231	
46160628	35626975	VMP has prescr stat	20180731	20991231	
46160628	35626985	Has legal category	20180731	20991231	
46160628	35626993	Has disc indicator	20180731	20991231	
46160628	36708237	Is a	20170131	20991231	
46160628	37207390	Has CD category	20190731	20991231	
46160628	37209199	Is a	20190731	20991231	
46160628	37310858	Has AMP restr ind	20200309	20991231	
46160628	46023151	Has AMP	20150131	20991231	
46160628	46091834	Is a	20150131	20991231	
46160628	46160628	Mapped from	20180731	20991231	
46160628	46160628	Maps to	20180731	20991231	
46160629	35607932	Has non-avail ind	20180731	20991231	
46160629	35626975	VMP has prescr stat	20180731	20991231	
46160629	35626985	Has legal category	20180731	20991231	
46160629	35626993	Has disc indicator	20180731	20991231	
46160629	36708237	Is a	20170131	20991231	
46160629	37207390	Has CD category	20190731	20991231	
46160629	37209199	Is a	20190731	20991231	
46160629	37310858	Has AMP restr ind	20200309	20991231	
46160629	46023152	Has AMP	20150131	20991231	
46160629	46091834	Is a	20150131	20991231	
46160629	46160629	Mapped from	20180731	20991231	
46160629	46160629	Maps to	20180731	20991231	
46160633	35607932	Has non-avail ind	20180731	20991231	
46160633	35626975	VMP has prescr stat	20180731	20991231	
46160633	35626985	Has legal category	20180731	20991231	
46160633	35626993	Has disc indicator	20180731	20991231	
46160633	36708237	Is a	20170131	20991231	
46160633	37207390	Has CD category	20190731	20991231	
46160633	37209199	Is a	20190731	20991231	
46160633	37310858	Has AMP restr ind	20200309	20991231	
46160633	46091834	Is a	20150131	20991231	
46160633	46160633	Mapped from	20180731	20991231	
46160633	46160633	Maps to	20180731	20991231	
46160635	35607932	Has non-avail ind	20180731	20991231	
46160635	35626975	VMP has prescr stat	20180731	20991231	
46160635	35626985	Has legal category	20180731	20991231	
46160635	35626993	Has disc indicator	20180731	20991231	
46160635	36708237	Is a	20170131	20991231	
46160635	37207390	Has CD category	20190731	20991231	
46160635	37209199	Is a	20190731	20991231	
46160635	37310858	Has AMP restr ind	20200309	20991231	
46160635	46023158	Has AMP	20150131	20991231	
46160635	46091834	Is a	20150131	20991231	
46160635	46160635	Mapped from	20180731	20991231	
46160635	46160635	Maps to	20180731	20991231	
46160636	35607932	Has non-avail ind	20180731	20991231	
46160636	35626975	VMP has prescr stat	20180731	20991231	
46160636	35626985	Has legal category	20180731	20991231	
46160636	35626993	Has disc indicator	20180731	20991231	
46160636	36708237	Is a	20170131	20991231	
46160636	37207390	Has CD category	20190731	20991231	
46160636	37209199	Is a	20190731	20991231	
46160636	37310858	Has AMP restr ind	20200309	20991231	
46160636	46091834	Is a	20150131	20991231	
46160636	46160636	Mapped from	20180731	20991231	
46160636	46160636	Maps to	20180731	20991231	
46160638	35607932	Has non-avail ind	20180731	20991231	
46160638	35626975	VMP has prescr stat	20180731	20991231	
46160638	35626985	Has legal category	20180731	20991231	
46160638	35626993	Has disc indicator	20180731	20991231	
46160638	36708237	Is a	20170131	20991231	
46160638	37207390	Has CD category	20190731	20991231	
46160638	37209199	Is a	20190731	20991231	
46160638	37310858	Has AMP restr ind	20200309	20991231	
46160638	46023161	Has AMP	20150131	20991231	
46160638	46091834	Is a	20150131	20991231	
46160638	46160638	Mapped from	20180731	20991231	
46160638	46160638	Maps to	20180731	20991231	
46160640	35607932	Has non-avail ind	20180731	20991231	
46160640	35626975	VMP has prescr stat	20180731	20991231	
46160640	35626985	Has legal category	20180731	20991231	
46160640	35626993	Has disc indicator	20180731	20991231	
46160640	36708237	Is a	20170131	20991231	
46160640	37207390	Has CD category	20190731	20991231	
46160640	37209199	Is a	20190731	20991231	
46160640	37310858	Has AMP restr ind	20200309	20991231	
46160640	46023163	Has AMP	20150131	20991231	
46160640	46091834	Is a	20150131	20991231	
46160640	46160640	Mapped from	20180731	20991231	
46160640	46160640	Maps to	20180731	20991231	
46160643	35607932	Has non-avail ind	20180731	20991231	
46160643	35626975	VMP has prescr stat	20180731	20991231	
46160643	35626985	Has legal category	20180731	20991231	
46160643	35626993	Has disc indicator	20180731	20991231	
46160643	36708237	Is a	20170131	20991231	
46160643	37207390	Has CD category	20190731	20991231	
46160643	37209199	Is a	20190731	20991231	
46160643	37310858	Has AMP restr ind	20200309	20991231	
46160643	46091834	Is a	20150131	20991231	
46160643	46160643	Mapped from	20180731	20991231	
46160643	46160643	Maps to	20180731	20991231	
46160644	35607932	Has non-avail ind	20180731	20991231	
46160644	35626975	VMP has prescr stat	20180731	20991231	
46160644	35626985	Has legal category	20180731	20991231	
46160644	35626993	Has disc indicator	20180731	20991231	
46160644	36708237	Is a	20170131	20991231	
46160644	37207390	Has CD category	20190731	20991231	
46160644	37209199	Is a	20190731	20991231	
46160644	37310858	Has AMP restr ind	20200309	20991231	
46160644	46091834	Is a	20150131	20991231	
46160644	46160644	Mapped from	20180731	20991231	
46160644	46160644	Maps to	20180731	20991231	
46160645	35607932	Has non-avail ind	20180731	20991231	
46160645	35626975	VMP has prescr stat	20180731	20991231	
46160645	35626985	Has legal category	20180731	20991231	
46160645	35626993	Has disc indicator	20180731	20991231	
46160645	36708237	Is a	20170131	20991231	
46160645	37207390	Has CD category	20190731	20991231	
46160645	37209199	Is a	20190731	20991231	
46160645	37310858	Has AMP restr ind	20200309	20991231	
46160645	46023168	Has AMP	20150131	20991231	
46160645	46091834	Is a	20150131	20991231	
46160645	46160645	Mapped from	20180731	20991231	
46160645	46160645	Maps to	20180731	20991231	
46160647	35607932	Has non-avail ind	20180731	20991231	
46160647	35626975	VMP has prescr stat	20180731	20991231	
46160647	35626985	Has legal category	20180731	20991231	
46160647	35626993	Has disc indicator	20180731	20991231	
46160647	36708237	Is a	20170131	20991231	
46160647	37207390	Has CD category	20190731	20991231	
46160647	37209199	Is a	20190731	20991231	
46160647	37310858	Has AMP restr ind	20200309	20991231	
46160647	46091834	Is a	20150131	20991231	
46160647	46160647	Mapped from	20180731	20991231	
46160647	46160647	Maps to	20180731	20991231	
46160650	35607932	Has non-avail ind	20180731	20991231	
46160650	35626975	VMP has prescr stat	20180731	20991231	
46160650	35626985	Has legal category	20180731	20991231	
46160650	35626993	Has disc indicator	20180731	20991231	
46160650	36708237	Is a	20170131	20991231	
46160650	37207390	Has CD category	20190731	20991231	
46160650	37209199	Is a	20190731	20991231	
46160650	37310858	Has AMP restr ind	20200309	20991231	
46160650	46091834	Is a	20150131	20991231	
46160650	46160650	Mapped from	20180731	20991231	
46160650	46160650	Maps to	20180731	20991231	
46160652	35607932	Has non-avail ind	20180731	20991231	
46160652	35626975	VMP has prescr stat	20180731	20991231	
46160652	35626985	Has legal category	20180731	20991231	
46160652	35626993	Has disc indicator	20180731	20991231	
46160652	36708237	Is a	20170131	20991231	
46160652	37207390	Has CD category	20190731	20991231	
46160652	37209199	Is a	20190731	20991231	
46160652	37310858	Has AMP restr ind	20200309	20991231	
46160652	46023175	Has AMP	20150131	20991231	
46160652	46091834	Is a	20150131	20991231	
46160652	46160652	Mapped from	20180731	20991231	
46160652	46160652	Maps to	20180731	20991231	
46160654	35607932	Has non-avail ind	20180731	20991231	
46160654	35626975	VMP has prescr stat	20180731	20991231	
46160654	35626985	Has legal category	20180731	20991231	
46160654	35626993	Has disc indicator	20180731	20991231	
46160654	36708237	Is a	20170131	20991231	
46160654	37207390	Has CD category	20190731	20991231	
46160654	37209199	Is a	20190731	20991231	
46160654	37310858	Has AMP restr ind	20200309	20991231	
46160654	46023177	Has AMP	20150131	20991231	
46160654	46091834	Is a	20150131	20991231	
46160654	46160654	Mapped from	20180731	20991231	
46160654	46160654	Maps to	20180731	20991231	
46160655	35607932	Has non-avail ind	20180731	20991231	
46160655	35626975	VMP has prescr stat	20180731	20991231	
46160655	35626985	Has legal category	20180731	20991231	
46160655	35626993	Has disc indicator	20180731	20991231	
46160655	36708237	Is a	20170131	20991231	
46160655	37207390	Has CD category	20190731	20991231	
46160655	37209199	Is a	20190731	20991231	
46160655	37310858	Has AMP restr ind	20200309	20991231	
46160655	46091834	Is a	20150131	20991231	
46160655	46160655	Mapped from	20180731	20991231	
46160655	46160655	Maps to	20180731	20991231	
46160656	35607932	Has non-avail ind	20180731	20991231	
46160656	35626975	VMP has prescr stat	20180731	20991231	
46160656	35626985	Has legal category	20180731	20991231	
46160656	35626993	Has disc indicator	20180731	20991231	
46160656	36708237	Is a	20170131	20991231	
46160656	37207390	Has CD category	20190731	20991231	
46160656	37209199	Is a	20190731	20991231	
46160656	37310858	Has AMP restr ind	20200309	20991231	
46160656	46091834	Is a	20150131	20991231	
46160656	46160656	Mapped from	20180731	20991231	
46160656	46160656	Maps to	20180731	20991231	
46160657	35607932	Has non-avail ind	20180731	20991231	
46160657	35626975	VMP has prescr stat	20180731	20991231	
46160657	35626985	Has legal category	20180731	20991231	
46160657	35626993	Has disc indicator	20180731	20991231	
46160657	36708237	Is a	20170131	20991231	
46160657	37207390	Has CD category	20190731	20991231	
46160657	37209199	Is a	20190731	20991231	
46160657	37310858	Has AMP restr ind	20200309	20991231	
46160657	46023180	Has AMP	20150131	20991231	
46160657	46091834	Is a	20150131	20991231	
46160657	46160657	Mapped from	20180731	20991231	
46160657	46160657	Maps to	20180731	20991231	
46160658	35607932	Has non-avail ind	20180731	20991231	
46160658	35626975	VMP has prescr stat	20180731	20991231	
46160658	35626985	Has legal category	20180731	20991231	
46160658	35626993	Has disc indicator	20180731	20991231	
46160658	36708237	Is a	20170131	20991231	
46160658	37207390	Has CD category	20190731	20991231	
46160658	37209199	Is a	20190731	20991231	
46160658	37310858	Has AMP restr ind	20200309	20991231	
46160658	46023181	Has AMP	20150131	20991231	
46160658	46091834	Is a	20150131	20991231	
46160658	46160658	Mapped from	20180731	20991231	
46160658	46160658	Maps to	20180731	20991231	
46160666	35607932	Has non-avail ind	20180731	20991231	
46160666	35626975	VMP has prescr stat	20180731	20991231	
46160666	35626985	Has legal category	20180731	20991231	
46160666	35626993	Has disc indicator	20180731	20991231	
46160666	36708237	Is a	20170131	20991231	
46160666	37207390	Has CD category	20190731	20991231	
46160666	37209199	Is a	20190731	20991231	
46160666	37310858	Has AMP restr ind	20200309	20991231	
46160666	46091834	Is a	20150131	20991231	
46160666	46160666	Mapped from	20180731	20991231	
46160666	46160666	Maps to	20180731	20991231	
46160667	35607932	Has non-avail ind	20180731	20991231	
46160667	35626975	VMP has prescr stat	20180731	20991231	
46160667	35626985	Has legal category	20180731	20991231	
46160667	35626993	Has disc indicator	20180731	20991231	
46160667	36708237	Is a	20170131	20991231	
46160667	37207390	Has CD category	20190731	20991231	
46160667	37209199	Is a	20190731	20991231	
46160667	37310858	Has AMP restr ind	20200309	20991231	
46160667	46091834	Is a	20150131	20991231	
46160667	46160667	Mapped from	20180731	20991231	
46160667	46160667	Maps to	20180731	20991231	
46160669	35607932	Has non-avail ind	20180731	20991231	
46160669	35626975	VMP has prescr stat	20180731	20991231	
46160669	35626985	Has legal category	20180731	20991231	
46160669	35626993	Has disc indicator	20180731	20991231	
46160669	36708237	Is a	20170131	20991231	
46160669	37207390	Has CD category	20190731	20991231	
46160669	37209199	Is a	20190731	20991231	
46160669	37310858	Has AMP restr ind	20200309	20991231	
46160669	46091834	Is a	20150131	20991231	
46160669	46160669	Mapped from	20180731	20991231	
46160669	46160669	Maps to	20180731	20991231	
46160670	35607932	Has non-avail ind	20180731	20991231	
46160670	35626975	VMP has prescr stat	20180731	20991231	
46160670	35626985	Has legal category	20180731	20991231	
46160670	35626993	Has disc indicator	20180731	20991231	
46160670	36708237	Is a	20170131	20991231	
46160670	37207390	Has CD category	20190731	20991231	
46160670	37209199	Is a	20190731	20991231	
46160670	37310858	Has AMP restr ind	20200309	20991231	
46160670	46091834	Is a	20150131	20991231	
46160670	46160670	Mapped from	20180731	20991231	
46160670	46160670	Maps to	20180731	20991231	
46160671	35607932	Has non-avail ind	20180731	20991231	
46160671	35626975	VMP has prescr stat	20180731	20991231	
46160671	35626985	Has legal category	20180731	20991231	
46160671	35626993	Has disc indicator	20180731	20991231	
46160671	36708237	Is a	20170131	20991231	
46160671	37207390	Has CD category	20190731	20991231	
46160671	37209199	Is a	20190731	20991231	
46160671	37310858	Has AMP restr ind	20200309	20991231	
46160671	46091834	Is a	20150131	20991231	
46160671	46160671	Mapped from	20180731	20991231	
46160671	46160671	Maps to	20180731	20991231	
46160673	35607932	Has non-avail ind	20180731	20991231	
46160673	35626975	VMP has prescr stat	20180731	20991231	
46160673	35626985	Has legal category	20180731	20991231	
46160673	35626993	Has disc indicator	20180731	20991231	
46160673	36708237	Is a	20170131	20991231	
46160673	37207390	Has CD category	20190731	20991231	
46160673	37209199	Is a	20190731	20991231	
46160673	37310858	Has AMP restr ind	20200309	20991231	
46160673	46091834	Is a	20150131	20991231	
46160673	46160673	Mapped from	20180731	20991231	
46160673	46160673	Maps to	20180731	20991231	
46160676	35626952	Concept was_a to	20180731	20991231	
46160677	35608652	Is a	20180731	20991231	
46160677	35626950	Has excipient	20180731	20991231	
46160677	35626973	VMP has prescr stat	20180731	20991231	
46160677	35626986	Has legal category	20180731	20991231	
46160677	35626992	Has disc indicator	20200309	20991231	
46160677	37310858	Has AMP restr ind	20200309	20991231	
46160677	46023199	Has AMP	20150131	20991231	
46160678	35608652	Is a	20180731	20991231	
46160678	35626950	Has excipient	20180731	20991231	
46160678	35626973	VMP has prescr stat	20180731	20991231	
46160678	35626986	Has legal category	20180731	20991231	
46160678	35626992	Has disc indicator	20200309	20991231	
46160678	37310858	Has AMP restr ind	20200309	20991231	
46160679	35608652	Is a	20180731	20991231	
46160679	35626950	Has excipient	20180731	20991231	
46160679	35626973	VMP has prescr stat	20180731	20991231	
46160679	35626986	Has legal category	20180731	20991231	
46160679	35626992	Has disc indicator	20200309	20991231	
46160679	37310858	Has AMP restr ind	20200309	20991231	
46160679	46101536	Is a	20150131	20991231	
46160680	35608652	Is a	20180731	20991231	
46160680	35626950	Has excipient	20180731	20991231	
46160680	35626973	VMP has prescr stat	20180731	20991231	
46160680	35626986	Has legal category	20180731	20991231	
46160680	35626992	Has disc indicator	20200309	20991231	
46160680	37310858	Has AMP restr ind	20200309	20991231	
46160680	46101531	Is a	20150131	20991231	
46160685	35607932	Has non-avail ind	20180731	20991231	
46160685	35626975	VMP has prescr stat	20180731	20991231	
46160685	35626985	Has legal category	20180731	20991231	
46160685	35626993	Has disc indicator	20180731	20991231	
46160685	37207390	Has CD category	20190731	20991231	
46160685	37209199	Is a	20190731	20991231	
46160685	37310858	Has AMP restr ind	20200309	20991231	
46160685	46091834	Is a	20150131	20991231	
46160685	46160685	Mapped from	20180731	20991231	
46160685	46160685	Maps to	20180731	20991231	
46160686	35607932	Has non-avail ind	20180731	20991231	
46160686	35626975	VMP has prescr stat	20180731	20991231	
46160686	35626985	Has legal category	20180731	20991231	
46160686	35626993	Has disc indicator	20180731	20991231	
46160686	37207390	Has CD category	20190731	20991231	
46160686	37209199	Is a	20190731	20991231	
46160686	37310858	Has AMP restr ind	20200309	20991231	
46160686	46023208	Has AMP	20150131	20991231	
46160686	46091834	Is a	20150131	20991231	
46160686	46160686	Mapped from	20180731	20991231	
46160686	46160686	Maps to	20180731	20991231	
46160687	35607932	Has non-avail ind	20180731	20991231	
46160687	35626975	VMP has prescr stat	20180731	20991231	
46160687	35626985	Has legal category	20180731	20991231	
46160687	35626993	Has disc indicator	20180731	20991231	
46160687	37207390	Has CD category	20190731	20991231	
46160687	37209199	Is a	20190731	20991231	
46160687	37310858	Has AMP restr ind	20200309	20991231	
46160687	46091834	Is a	20150131	20991231	
46160687	46160687	Mapped from	20180731	20991231	
46160687	46160687	Maps to	20180731	20991231	
46160691	35607932	Has non-avail ind	20180731	20991231	
46160691	35626975	VMP has prescr stat	20180731	20991231	
46160691	35626985	Has legal category	20180731	20991231	
46160691	35626993	Has disc indicator	20180731	20991231	
46160691	37207390	Has CD category	20190731	20991231	
46160691	37209199	Is a	20190731	20991231	
46160691	37310858	Has AMP restr ind	20200309	20991231	
46160691	46023213	Has AMP	20150131	20991231	
46160691	46091834	Is a	20150131	20991231	
46160691	46160691	Mapped from	20180731	20991231	
46160691	46160691	Maps to	20180731	20991231	
46160695	35607932	Has non-avail ind	20180731	20991231	
46160695	35626975	VMP has prescr stat	20180731	20991231	
46160695	35626985	Has legal category	20180731	20991231	
46160695	35626993	Has disc indicator	20180731	20991231	
46160695	37207390	Has CD category	20190731	20991231	
46160695	37209199	Is a	20190731	20991231	
46160695	37310858	Has AMP restr ind	20200309	20991231	
46160695	46091834	Is a	20150131	20991231	
46160695	46160695	Mapped from	20180731	20991231	
46160695	46160695	Maps to	20180731	20991231	
46160697	35607932	Has non-avail ind	20180731	20991231	
46160697	35626975	VMP has prescr stat	20180731	20991231	
46160697	35626985	Has legal category	20180731	20991231	
46160697	35626993	Has disc indicator	20180731	20991231	
46160697	37207390	Has CD category	20190731	20991231	
46160697	37209199	Is a	20190731	20991231	
46160697	37310858	Has AMP restr ind	20200309	20991231	
46160697	46023219	Has AMP	20150131	20991231	
46160697	46091834	Is a	20150131	20991231	
46160697	46160697	Mapped from	20180731	20991231	
46160697	46160697	Maps to	20180731	20991231	
46160698	35607932	Has non-avail ind	20180731	20991231	
46160698	35626975	VMP has prescr stat	20180731	20991231	
46160698	35626985	Has legal category	20180731	20991231	
46160698	35626993	Has disc indicator	20180731	20991231	
46160698	37207390	Has CD category	20190731	20991231	
46160698	37209199	Is a	20190731	20991231	
46160698	37310858	Has AMP restr ind	20200309	20991231	
46160698	46091834	Is a	20150131	20991231	
46160698	46160698	Mapped from	20180731	20991231	
46160698	46160698	Maps to	20180731	20991231	
46160700	35607932	Has non-avail ind	20180731	20991231	
46160700	35626975	VMP has prescr stat	20180731	20991231	
46160700	35626985	Has legal category	20180731	20991231	
46160700	35626993	Has disc indicator	20180731	20991231	
46160700	37207390	Has CD category	20190731	20991231	
46160700	37209199	Is a	20190731	20991231	
46160700	37310858	Has AMP restr ind	20200309	20991231	
46160700	46023222	Has AMP	20150131	20991231	
46160700	46091834	Is a	20150131	20991231	
46160700	46160700	Mapped from	20180731	20991231	
46160700	46160700	Maps to	20180731	20991231	
46160701	35607932	Has non-avail ind	20180731	20991231	
46160701	35626975	VMP has prescr stat	20180731	20991231	
46160701	35626985	Has legal category	20180731	20991231	
46160701	35626993	Has disc indicator	20180731	20991231	
46160701	37207390	Has CD category	20190731	20991231	
46160701	37209199	Is a	20190731	20991231	
46160701	37310858	Has AMP restr ind	20200309	20991231	
46160701	46023224	Has AMP	20150131	20991231	
46160701	46091834	Is a	20150131	20991231	
46160701	46160701	Mapped from	20180731	20991231	
46160701	46160701	Maps to	20180731	20991231	
46160703	35607932	Has non-avail ind	20180731	20991231	
46160703	35626975	VMP has prescr stat	20180731	20991231	
46160703	35626985	Has legal category	20180731	20991231	
46160703	35626993	Has disc indicator	20180731	20991231	
46160703	37207390	Has CD category	20190731	20991231	
46160703	37209199	Is a	20190731	20991231	
46160703	37310858	Has AMP restr ind	20200309	20991231	
46160703	46023225	Has AMP	20150131	20991231	
46160703	46091834	Is a	20150131	20991231	
46160703	46160703	Mapped from	20180731	20991231	
46160703	46160703	Maps to	20180731	20991231	
46160704	35607932	Has non-avail ind	20180731	20991231	
46160704	35626975	VMP has prescr stat	20180731	20991231	
46160704	35626985	Has legal category	20180731	20991231	
46160704	35626993	Has disc indicator	20180731	20991231	
46160704	37207390	Has CD category	20190731	20991231	
46160704	37209199	Is a	20190731	20991231	
46160704	37310858	Has AMP restr ind	20200309	20991231	
46160704	46023226	Has AMP	20150131	20991231	
46160704	46091834	Is a	20150131	20991231	
46160704	46160704	Mapped from	20180731	20991231	
46160704	46160704	Maps to	20180731	20991231	
46160705	35607932	Has non-avail ind	20180731	20991231	
46160705	35626975	VMP has prescr stat	20180731	20991231	
46160705	35626985	Has legal category	20180731	20991231	
46160705	35626993	Has disc indicator	20180731	20991231	
46160705	37207390	Has CD category	20190731	20991231	
46160705	37209199	Is a	20190731	20991231	
46160705	37310858	Has AMP restr ind	20200309	20991231	
46160705	46091834	Is a	20150131	20991231	
46160705	46160705	Mapped from	20180731	20991231	
46160705	46160705	Maps to	20180731	20991231	
46160706	35607932	Has non-avail ind	20180731	20991231	
46160706	35626975	VMP has prescr stat	20180731	20991231	
46160706	35626985	Has legal category	20180731	20991231	
46160706	35626993	Has disc indicator	20180731	20991231	
46160706	37207390	Has CD category	20190731	20991231	
46160706	37209199	Is a	20190731	20991231	
46160706	37310858	Has AMP restr ind	20200309	20991231	
46160706	46023228	Has AMP	20150131	20991231	
46160706	46091834	Is a	20150131	20991231	
46160706	46160706	Mapped from	20180731	20991231	
46160706	46160706	Maps to	20180731	20991231	
46160707	35607932	Has non-avail ind	20180731	20991231	
46160707	35626975	VMP has prescr stat	20180731	20991231	
46160707	35626985	Has legal category	20180731	20991231	
46160707	35626993	Has disc indicator	20180731	20991231	
46160707	37207390	Has CD category	20190731	20991231	
46160707	37209199	Is a	20190731	20991231	
46160707	37310858	Has AMP restr ind	20200309	20991231	
46160707	46091834	Is a	20150131	20991231	
46160707	46160707	Mapped from	20180731	20991231	
46160707	46160707	Maps to	20180731	20991231	
46160708	35607932	Has non-avail ind	20180731	20991231	
46160708	35626975	VMP has prescr stat	20180731	20991231	
46160708	35626985	Has legal category	20180731	20991231	
46160708	35626993	Has disc indicator	20180731	20991231	
46160708	37207390	Has CD category	20190731	20991231	
46160708	37209199	Is a	20190731	20991231	
46160708	37310858	Has AMP restr ind	20200309	20991231	
46160708	46091834	Is a	20150131	20991231	
46160708	46160708	Mapped from	20180731	20991231	
46160708	46160708	Maps to	20180731	20991231	
46160711	35607932	Has non-avail ind	20180731	20991231	
46160711	35626975	VMP has prescr stat	20180731	20991231	
46160711	35626985	Has legal category	20180731	20991231	
46160711	35626993	Has disc indicator	20180731	20991231	
46160711	37207390	Has CD category	20190731	20991231	
46160711	37209199	Is a	20190731	20991231	
46160711	37310858	Has AMP restr ind	20200309	20991231	
46160711	46023233	Has AMP	20150131	20991231	
46160711	46091834	Is a	20150131	20991231	
46160711	46160711	Mapped from	20180731	20991231	
46160711	46160711	Maps to	20180731	20991231	
46160714	35607932	Has non-avail ind	20180731	20991231	
46160714	35626975	VMP has prescr stat	20180731	20991231	
46160714	35626985	Has legal category	20180731	20991231	
46160714	35626993	Has disc indicator	20180731	20991231	
46160714	37207390	Has CD category	20190731	20991231	
46160714	37209199	Is a	20190731	20991231	
46160714	37310858	Has AMP restr ind	20200309	20991231	
46160714	46091834	Is a	20150131	20991231	
46160714	46160714	Mapped from	20180731	20991231	
46160714	46160714	Maps to	20180731	20991231	
46160715	35607932	Has non-avail ind	20180731	20991231	
46160715	35626975	VMP has prescr stat	20180731	20991231	
46160715	35626985	Has legal category	20180731	20991231	
46160715	35626993	Has disc indicator	20180731	20991231	
46160715	37207390	Has CD category	20190731	20991231	
46160715	37209199	Is a	20190731	20991231	
46160715	37310858	Has AMP restr ind	20200309	20991231	
46160715	46023237	Has AMP	20150131	20991231	
46160715	46091834	Is a	20150131	20991231	
46160715	46160715	Mapped from	20180731	20991231	
46160715	46160715	Maps to	20180731	20991231	
46160718	35607932	Has non-avail ind	20180731	20991231	
46160718	35626975	VMP has prescr stat	20180731	20991231	
46160718	35626985	Has legal category	20180731	20991231	
46160718	35626993	Has disc indicator	20180731	20991231	
46160718	37207390	Has CD category	20190731	20991231	
46160718	37209199	Is a	20190731	20991231	
46160718	37310858	Has AMP restr ind	20200309	20991231	
46160718	46091834	Is a	20150131	20991231	
46160718	46160718	Mapped from	20180731	20991231	
46160718	46160718	Maps to	20180731	20991231	
46160720	35607932	Has non-avail ind	20180731	20991231	
46160720	35626975	VMP has prescr stat	20180731	20991231	
46160720	35626985	Has legal category	20180731	20991231	
46160720	35626993	Has disc indicator	20180731	20991231	
46160720	37207390	Has CD category	20190731	20991231	
46160720	37209199	Is a	20190731	20991231	
46160720	37310858	Has AMP restr ind	20200309	20991231	
46160720	46023242	Has AMP	20150131	20991231	
46160720	46091834	Is a	20150131	20991231	
46160720	46160720	Mapped from	20180731	20991231	
46160720	46160720	Maps to	20180731	20991231	
46160721	35607932	Has non-avail ind	20180731	20991231	
46160721	35626975	VMP has prescr stat	20180731	20991231	
46160721	35626985	Has legal category	20180731	20991231	
46160721	35626993	Has disc indicator	20180731	20991231	
46160721	37207390	Has CD category	20190731	20991231	
46160721	37209199	Is a	20190731	20991231	
46160721	37310858	Has AMP restr ind	20200309	20991231	
46160721	46091834	Is a	20150131	20991231	
46160721	46160721	Mapped from	20180731	20991231	
46160721	46160721	Maps to	20180731	20991231	
46160722	35607932	Has non-avail ind	20180731	20991231	
46160722	35626975	VMP has prescr stat	20180731	20991231	
46160722	35626985	Has legal category	20180731	20991231	
46160722	35626993	Has disc indicator	20180731	20991231	
46160722	37207390	Has CD category	20190731	20991231	
46160722	37209199	Is a	20190731	20991231	
46160722	37310858	Has AMP restr ind	20200309	20991231	
46160722	46091834	Is a	20150131	20991231	
46160722	46160722	Mapped from	20180731	20991231	
46160722	46160722	Maps to	20180731	20991231	
46160731	35607932	Has non-avail ind	20180731	20991231	
46160731	35626975	VMP has prescr stat	20180731	20991231	
46160731	35626985	Has legal category	20180731	20991231	
46160731	35626993	Has disc indicator	20180731	20991231	
46160731	37207390	Has CD category	20190731	20991231	
46160731	37209199	Is a	20190731	20991231	
46160731	37310858	Has AMP restr ind	20200309	20991231	
46160731	46091834	Is a	20150131	20991231	
46160731	46160731	Mapped from	20180731	20991231	
46160731	46160731	Maps to	20180731	20991231	
46160732	35607932	Has non-avail ind	20180731	20991231	
46160732	35626975	VMP has prescr stat	20180731	20991231	
46160732	35626985	Has legal category	20180731	20991231	
46160732	35626993	Has disc indicator	20180731	20991231	
46160732	37207390	Has CD category	20190731	20991231	
46160732	37209199	Is a	20190731	20991231	
46160732	37310858	Has AMP restr ind	20200309	20991231	
46160732	46023254	Has AMP	20150131	20991231	
46160732	46091834	Is a	20150131	20991231	
46160732	46160732	Mapped from	20180731	20991231	
46160732	46160732	Maps to	20180731	20991231	
46160733	35607932	Has non-avail ind	20180731	20991231	
46160733	35626975	VMP has prescr stat	20180731	20991231	
46160733	35626985	Has legal category	20180731	20991231	
46160733	35626993	Has disc indicator	20180731	20991231	
46160733	37207390	Has CD category	20190731	20991231	
46160733	37209199	Is a	20190731	20991231	
46160733	37310858	Has AMP restr ind	20200309	20991231	
46160733	46091834	Is a	20150131	20991231	
46160733	46160733	Mapped from	20180731	20991231	
46160733	46160733	Maps to	20180731	20991231	
46160734	35607932	Has non-avail ind	20180731	20991231	
46160734	35626975	VMP has prescr stat	20180731	20991231	
46160734	35626985	Has legal category	20180731	20991231	
46160734	35626993	Has disc indicator	20180731	20991231	
46160734	37207390	Has CD category	20190731	20991231	
46160734	37209199	Is a	20190731	20991231	
46160734	37310858	Has AMP restr ind	20200309	20991231	
46160734	46091834	Is a	20150131	20991231	
46160734	46160734	Mapped from	20180731	20991231	
46160734	46160734	Maps to	20180731	20991231	
46160735	35607932	Has non-avail ind	20180731	20991231	
46160735	35626975	VMP has prescr stat	20180731	20991231	
46160735	35626985	Has legal category	20180731	20991231	
46160735	35626993	Has disc indicator	20180731	20991231	
46160735	37207390	Has CD category	20190731	20991231	
46160735	37209199	Is a	20190731	20991231	
46160735	37310858	Has AMP restr ind	20200309	20991231	
46160735	46091834	Is a	20150131	20991231	
46160735	46160735	Mapped from	20180731	20991231	
46160735	46160735	Maps to	20180731	20991231	
46160736	35607932	Has non-avail ind	20180731	20991231	
46160736	35626975	VMP has prescr stat	20180731	20991231	
46160736	35626985	Has legal category	20180731	20991231	
46160736	35626993	Has disc indicator	20180731	20991231	
46160736	37207390	Has CD category	20190731	20991231	
46160736	37209199	Is a	20190731	20991231	
46160736	37310858	Has AMP restr ind	20200309	20991231	
46160736	46023258	Has AMP	20150131	20991231	
46160736	46091834	Is a	20150131	20991231	
46160736	46160736	Mapped from	20180731	20991231	
46160736	46160736	Maps to	20180731	20991231	
46160737	35607932	Has non-avail ind	20180731	20991231	
46160737	35626975	VMP has prescr stat	20180731	20991231	
46160737	35626985	Has legal category	20180731	20991231	
46160737	35626993	Has disc indicator	20180731	20991231	
46160737	37207390	Has CD category	20190731	20991231	
46160737	37209199	Is a	20190731	20991231	
46160737	37310858	Has AMP restr ind	20200309	20991231	
46160737	46091834	Is a	20150131	20991231	
46160737	46160737	Mapped from	20180731	20991231	
46160737	46160737	Maps to	20180731	20991231	
46160742	35607932	Has non-avail ind	20180731	20991231	
46160742	35626975	VMP has prescr stat	20180731	20991231	
46160742	35626985	Has legal category	20180731	20991231	
46160742	35626993	Has disc indicator	20180731	20991231	
46160742	37207390	Has CD category	20190731	20991231	
46160742	37209199	Is a	20190731	20991231	
46160742	37310858	Has AMP restr ind	20200309	20991231	
46160742	46091834	Is a	20150131	20991231	
46160742	46160742	Mapped from	20180731	20991231	
46160742	46160742	Maps to	20180731	20991231	
46160745	35607932	Has non-avail ind	20180731	20991231	
46160745	35626975	VMP has prescr stat	20180731	20991231	
46160745	35626985	Has legal category	20180731	20991231	
46160745	35626993	Has disc indicator	20180731	20991231	
46160745	37207390	Has CD category	20190731	20991231	
46160745	37209199	Is a	20190731	20991231	
46160745	37310858	Has AMP restr ind	20200309	20991231	
46160745	46023267	Has AMP	20150131	20991231	
46160745	46091834	Is a	20150131	20991231	
46160745	46160745	Mapped from	20180731	20991231	
46160745	46160745	Maps to	20180731	20991231	
46160746	35607932	Has non-avail ind	20180731	20991231	
46160746	35626975	VMP has prescr stat	20180731	20991231	
46160746	35626985	Has legal category	20180731	20991231	
46160746	35626993	Has disc indicator	20180731	20991231	
46160746	37207390	Has CD category	20190731	20991231	
46160746	37209199	Is a	20190731	20991231	
46160746	37310858	Has AMP restr ind	20200309	20991231	
46160746	46091834	Is a	20150131	20991231	
46160746	46160746	Mapped from	20180731	20991231	
46160746	46160746	Maps to	20180731	20991231	
46160747	35607932	Has non-avail ind	20180731	20991231	
46160747	35626975	VMP has prescr stat	20180731	20991231	
46160747	35626985	Has legal category	20180731	20991231	
46160747	35626993	Has disc indicator	20180731	20991231	
46160747	37207390	Has CD category	20190731	20991231	
46160747	37209199	Is a	20190731	20991231	
46160747	37310858	Has AMP restr ind	20200309	20991231	
46160747	46091834	Is a	20150131	20991231	
46160747	46160747	Mapped from	20180731	20991231	
46160747	46160747	Maps to	20180731	20991231	
46160752	35607932	Has non-avail ind	20180731	20991231	
46160752	35626975	VMP has prescr stat	20180731	20991231	
46160752	35626985	Has legal category	20180731	20991231	
46160752	35626993	Has disc indicator	20180731	20991231	
46160752	37207390	Has CD category	20190731	20991231	
46160752	37209199	Is a	20190731	20991231	
46160752	37310858	Has AMP restr ind	20200309	20991231	
46160752	46023274	Has AMP	20150131	20991231	
46160752	46091834	Is a	20150131	20991231	
46160752	46160752	Mapped from	20180731	20991231	
46160752	46160752	Maps to	20180731	20991231	
46160754	35607932	Has non-avail ind	20180731	20991231	
46160754	35626975	VMP has prescr stat	20180731	20991231	
46160754	35626985	Has legal category	20180731	20991231	
46160754	35626993	Has disc indicator	20180731	20991231	
46160754	37207390	Has CD category	20190731	20991231	
46160754	37209199	Is a	20190731	20991231	
46160754	37310858	Has AMP restr ind	20200309	20991231	
46160754	46091834	Is a	20150131	20991231	
46160754	46160754	Mapped from	20180731	20991231	
46160754	46160754	Maps to	20180731	20991231	
46160755	35607932	Has non-avail ind	20180731	20991231	
46160755	35626975	VMP has prescr stat	20180731	20991231	
46160755	35626985	Has legal category	20180731	20991231	
46160755	35626993	Has disc indicator	20180731	20991231	
46160755	37207390	Has CD category	20190731	20991231	
46160755	37209199	Is a	20190731	20991231	
46160755	37310858	Has AMP restr ind	20200309	20991231	
46160755	46091834	Is a	20150131	20991231	
46160755	46160755	Mapped from	20180731	20991231	
46160755	46160755	Maps to	20180731	20991231	
46160757	35607932	Has non-avail ind	20180731	20991231	
46160757	35626975	VMP has prescr stat	20180731	20991231	
46160757	35626985	Has legal category	20180731	20991231	
46160757	35626993	Has disc indicator	20180731	20991231	
46160757	37207390	Has CD category	20190731	20991231	
46160757	37209199	Is a	20190731	20991231	
46160757	37310858	Has AMP restr ind	20200309	20991231	
46160757	46023279	Has AMP	20150131	20991231	
46160757	46091834	Is a	20150131	20991231	
46160757	46160757	Mapped from	20180731	20991231	
46160757	46160757	Maps to	20180731	20991231	
46160761	35607932	Has non-avail ind	20180731	20991231	
46160761	35626975	VMP has prescr stat	20180731	20991231	
46160761	35626985	Has legal category	20180731	20991231	
46160761	35626993	Has disc indicator	20180731	20991231	
46160761	37207390	Has CD category	20190731	20991231	
46160761	37209199	Is a	20190731	20991231	
46160761	37310858	Has AMP restr ind	20200309	20991231	
46160761	46023283	Has AMP	20150131	20991231	
46160761	46091834	Is a	20150131	20991231	
46160761	46160761	Mapped from	20180731	20991231	
46160761	46160761	Maps to	20180731	20991231	
46160763	35607932	Has non-avail ind	20180731	20991231	
46160763	35626975	VMP has prescr stat	20180731	20991231	
46160763	35626985	Has legal category	20180731	20991231	
46160763	35626993	Has disc indicator	20180731	20991231	
46160763	37207390	Has CD category	20190731	20991231	
46160763	37209199	Is a	20190731	20991231	
46160763	37310858	Has AMP restr ind	20200309	20991231	
46160763	46023285	Has AMP	20150131	20991231	
46160763	46091834	Is a	20150131	20991231	
46160763	46160763	Mapped from	20180731	20991231	
46160763	46160763	Maps to	20180731	20991231	
46160765	35607932	Has non-avail ind	20180731	20991231	
46160765	35626975	VMP has prescr stat	20180731	20991231	
46160765	35626985	Has legal category	20180731	20991231	
46160765	35626993	Has disc indicator	20180731	20991231	
46160765	37207390	Has CD category	20190731	20991231	
46160765	37209199	Is a	20190731	20991231	
46160765	37310858	Has AMP restr ind	20200309	20991231	
46160765	46091834	Is a	20150131	20991231	
46160765	46160765	Mapped from	20180731	20991231	
46160765	46160765	Maps to	20180731	20991231	
46160768	35607932	Has non-avail ind	20180731	20991231	
46160768	35626975	VMP has prescr stat	20180731	20991231	
46160768	35626985	Has legal category	20180731	20991231	
46160768	35626993	Has disc indicator	20180731	20991231	
46160768	37207390	Has CD category	20190731	20991231	
46160768	37209199	Is a	20190731	20991231	
46160768	37310858	Has AMP restr ind	20200309	20991231	
46160768	46091834	Is a	20150131	20991231	
46160768	46160768	Mapped from	20180731	20991231	
46160768	46160768	Maps to	20180731	20991231	
46160769	35607932	Has non-avail ind	20180731	20991231	
46160769	35626975	VMP has prescr stat	20180731	20991231	
46160769	35626985	Has legal category	20180731	20991231	
46160769	35626993	Has disc indicator	20180731	20991231	
46160769	37207390	Has CD category	20190731	20991231	
46160769	37209199	Is a	20190731	20991231	
46160769	37310858	Has AMP restr ind	20200309	20991231	
46160769	46023291	Has AMP	20150131	20991231	
46160769	46091834	Is a	20150131	20991231	
46160769	46160769	Mapped from	20180731	20991231	
46160769	46160769	Maps to	20180731	20991231	
46160770	35607932	Has non-avail ind	20180731	20991231	
46160770	35626975	VMP has prescr stat	20180731	20991231	
46160770	35626985	Has legal category	20180731	20991231	
46160770	35626993	Has disc indicator	20180731	20991231	
46160770	37207390	Has CD category	20190731	20991231	
46160770	37209199	Is a	20190731	20991231	
46160770	37310858	Has AMP restr ind	20200309	20991231	
46160770	46091834	Is a	20150131	20991231	
46160770	46160770	Mapped from	20180731	20991231	
46160770	46160770	Maps to	20180731	20991231	
46160771	35607932	Has non-avail ind	20180731	20991231	
46160771	35626975	VMP has prescr stat	20180731	20991231	
46160771	35626985	Has legal category	20180731	20991231	
46160771	35626993	Has disc indicator	20180731	20991231	
46160771	37207390	Has CD category	20190731	20991231	
46160771	37209199	Is a	20190731	20991231	
46160771	37310858	Has AMP restr ind	20200309	20991231	
46160771	46091834	Is a	20150131	20991231	
46160771	46160771	Mapped from	20180731	20991231	
46160771	46160771	Maps to	20180731	20991231	
46160773	35607932	Has non-avail ind	20180731	20991231	
46160773	35626975	VMP has prescr stat	20180731	20991231	
46160773	35626985	Has legal category	20180731	20991231	
46160773	35626993	Has disc indicator	20180731	20991231	
46160773	37207390	Has CD category	20190731	20991231	
46160773	37209199	Is a	20190731	20991231	
46160773	37310858	Has AMP restr ind	20200309	20991231	
46160773	46091834	Is a	20150131	20991231	
46160773	46160773	Mapped from	20180731	20991231	
46160773	46160773	Maps to	20180731	20991231	
46160774	35607932	Has non-avail ind	20180731	20991231	
46160774	35626975	VMP has prescr stat	20180731	20991231	
46160774	35626985	Has legal category	20180731	20991231	
46160774	35626993	Has disc indicator	20180731	20991231	
46160774	37207390	Has CD category	20190731	20991231	
46160774	37209199	Is a	20190731	20991231	
46160774	37310858	Has AMP restr ind	20200309	20991231	
46160774	46091834	Is a	20150131	20991231	
46160774	46160774	Mapped from	20180731	20991231	
46160774	46160774	Maps to	20180731	20991231	
46160775	35607932	Has non-avail ind	20180731	20991231	
46160775	35626975	VMP has prescr stat	20180731	20991231	
46160775	35626985	Has legal category	20180731	20991231	
46160775	35626993	Has disc indicator	20180731	20991231	
46160775	37207390	Has CD category	20190731	20991231	
46160775	37209199	Is a	20190731	20991231	
46160775	37310858	Has AMP restr ind	20200309	20991231	
46160775	46023297	Has AMP	20150131	20991231	
46160775	46091834	Is a	20150131	20991231	
46160775	46160775	Mapped from	20180731	20991231	
46160775	46160775	Maps to	20180731	20991231	
46160777	35607932	Has non-avail ind	20180731	20991231	
46160777	35626975	VMP has prescr stat	20180731	20991231	
46160777	35626985	Has legal category	20180731	20991231	
46160777	35626993	Has disc indicator	20180731	20991231	
46160777	37207390	Has CD category	20190731	20991231	
46160777	37209199	Is a	20190731	20991231	
46160777	37310858	Has AMP restr ind	20200309	20991231	
46160777	46091834	Is a	20150131	20991231	
46160777	46160777	Mapped from	20180731	20991231	
46160777	46160777	Maps to	20180731	20991231	
46160778	35607932	Has non-avail ind	20180731	20991231	
46160778	35626975	VMP has prescr stat	20180731	20991231	
46160778	35626985	Has legal category	20180731	20991231	
46160778	35626993	Has disc indicator	20180731	20991231	
46160778	37207390	Has CD category	20190731	20991231	
46160778	37209199	Is a	20190731	20991231	
46160778	37310858	Has AMP restr ind	20200309	20991231	
46160778	46023300	Has AMP	20150131	20991231	
46160778	46091834	Is a	20150131	20991231	
46160778	46160778	Mapped from	20180731	20991231	
46160778	46160778	Maps to	20180731	20991231	
46160779	35607932	Has non-avail ind	20180731	20991231	
46160779	35626975	VMP has prescr stat	20180731	20991231	
46160779	35626985	Has legal category	20180731	20991231	
46160779	35626993	Has disc indicator	20180731	20991231	
46160779	37207390	Has CD category	20190731	20991231	
46160779	37209199	Is a	20190731	20991231	
46160779	37310858	Has AMP restr ind	20200309	20991231	
46160779	46091834	Is a	20150131	20991231	
46160779	46160779	Mapped from	20180731	20991231	
46160779	46160779	Maps to	20180731	20991231	
46160783	35607932	Has non-avail ind	20180731	20991231	
46160783	35626975	VMP has prescr stat	20180731	20991231	
46160783	35626985	Has legal category	20180731	20991231	
46160783	35626993	Has disc indicator	20180731	20991231	
46160783	37207390	Has CD category	20190731	20991231	
46160783	37209199	Is a	20190731	20991231	
46160783	37310858	Has AMP restr ind	20200309	20991231	
46160783	46091834	Is a	20150131	20991231	
46160783	46160783	Mapped from	20180731	20991231	
46160783	46160783	Maps to	20180731	20991231	
46160784	35607932	Has non-avail ind	20180731	20991231	
46160784	35626975	VMP has prescr stat	20180731	20991231	
46160784	35626985	Has legal category	20180731	20991231	
46160784	35626993	Has disc indicator	20180731	20991231	
46160784	37207390	Has CD category	20190731	20991231	
46160784	37209199	Is a	20190731	20991231	
46160784	37310858	Has AMP restr ind	20200309	20991231	
46160784	46023306	Has AMP	20150131	20991231	
46160784	46091834	Is a	20150131	20991231	
46160784	46160784	Mapped from	20180731	20991231	
46160784	46160784	Maps to	20180731	20991231	
46160789	35607932	Has non-avail ind	20180731	20991231	
46160789	35626975	VMP has prescr stat	20180731	20991231	
46160789	35626985	Has legal category	20180731	20991231	
46160789	35626993	Has disc indicator	20180731	20991231	
46160789	37207390	Has CD category	20190731	20991231	
46160789	37209199	Is a	20190731	20991231	
46160789	37310858	Has AMP restr ind	20200309	20991231	
46160789	46023311	Has AMP	20150131	20991231	
46160789	46160789	Mapped from	20180731	20991231	
46160789	46160789	Maps to	20180731	20991231	
46160792	35607932	Has non-avail ind	20180731	20991231	
46160792	35626975	VMP has prescr stat	20180731	20991231	
46160792	35626985	Has legal category	20180731	20991231	
46160792	35626993	Has disc indicator	20180731	20991231	
46160792	37207390	Has CD category	20190731	20991231	
46160792	37209199	Is a	20190731	20991231	
46160792	37310858	Has AMP restr ind	20200309	20991231	
46160792	46023313	Has AMP	20150131	20991231	
46160792	46091834	Is a	20150131	20991231	
46160792	46160792	Mapped from	20180731	20991231	
46160792	46160792	Maps to	20180731	20991231	
46160793	35607932	Has non-avail ind	20180731	20991231	
46160793	35626975	VMP has prescr stat	20180731	20991231	
46160793	35626985	Has legal category	20180731	20991231	
46160793	35626993	Has disc indicator	20180731	20991231	
46160793	37207390	Has CD category	20190731	20991231	
46160793	37209199	Is a	20190731	20991231	
46160793	37310858	Has AMP restr ind	20200309	20991231	
46160793	46091834	Is a	20150131	20991231	
46160793	46160793	Mapped from	20180731	20991231	
46160793	46160793	Maps to	20180731	20991231	
46160794	35607932	Has non-avail ind	20180731	20991231	
46160794	35626975	VMP has prescr stat	20180731	20991231	
46160794	35626985	Has legal category	20180731	20991231	
46160794	35626993	Has disc indicator	20180731	20991231	
46160794	37207390	Has CD category	20190731	20991231	
46160794	37209199	Is a	20190731	20991231	
46160794	37310858	Has AMP restr ind	20200309	20991231	
46160794	46160794	Mapped from	20180731	20991231	
46160794	46160794	Maps to	20180731	20991231	
46160797	35607932	Has non-avail ind	20180731	20991231	
46160797	35626975	VMP has prescr stat	20180731	20991231	
46160797	35626985	Has legal category	20180731	20991231	
46160797	35626993	Has disc indicator	20180731	20991231	
46160797	37207390	Has CD category	20190731	20991231	
46160797	37209199	Is a	20190731	20991231	
46160797	37310858	Has AMP restr ind	20200309	20991231	
46160797	46023319	Has AMP	20150131	20991231	
46160797	46160797	Mapped from	20180731	20991231	
46160797	46160797	Maps to	20180731	20991231	
46160799	35607932	Has non-avail ind	20180731	20991231	
46160799	35626975	VMP has prescr stat	20180731	20991231	
46160799	35626985	Has legal category	20180731	20991231	
46160799	35626993	Has disc indicator	20180731	20991231	
46160799	37207390	Has CD category	20190731	20991231	
46160799	37209199	Is a	20190731	20991231	
46160799	37310858	Has AMP restr ind	20200309	20991231	
46160799	46160799	Mapped from	20180731	20991231	
46160799	46160799	Maps to	20180731	20991231	
46160800	35607932	Has non-avail ind	20180731	20991231	
46160800	35626975	VMP has prescr stat	20180731	20991231	
46160800	35626985	Has legal category	20180731	20991231	
46160800	35626993	Has disc indicator	20180731	20991231	
46160800	36708237	Is a	20170131	20991231	
46160800	37207390	Has CD category	20190731	20991231	
46160800	37209199	Is a	20190731	20991231	
46160800	37310858	Has AMP restr ind	20200309	20991231	
46160800	46091834	Is a	20150131	20991231	
46160800	46160800	Mapped from	20180731	20991231	
46160800	46160800	Maps to	20180731	20991231	
46160803	35607932	Has non-avail ind	20180731	20991231	
46160803	35626975	VMP has prescr stat	20180731	20991231	
46160803	35626985	Has legal category	20180731	20991231	
46160803	35626993	Has disc indicator	20180731	20991231	
46160803	36708237	Is a	20170131	20991231	
46160803	37207390	Has CD category	20190731	20991231	
46160803	37209199	Is a	20190731	20991231	
46160803	37310858	Has AMP restr ind	20200309	20991231	
46160803	46091834	Is a	20150131	20991231	
46160803	46160803	Mapped from	20180731	20991231	
46160803	46160803	Maps to	20180731	20991231	
46160808	35607932	Has non-avail ind	20180731	20991231	
46160808	35626975	VMP has prescr stat	20180731	20991231	
46160808	35626985	Has legal category	20180731	20991231	
46160808	35626993	Has disc indicator	20180731	20991231	
46160808	36708237	Is a	20170131	20991231	
46160808	37207390	Has CD category	20190731	20991231	
46160808	37209199	Is a	20190731	20991231	
46160808	37310858	Has AMP restr ind	20200309	20991231	
46160808	46091834	Is a	20150131	20991231	
46160808	46160808	Mapped from	20180731	20991231	
46160808	46160808	Maps to	20180731	20991231	
46160809	35607932	Has non-avail ind	20180731	20991231	
46160809	35626975	VMP has prescr stat	20180731	20991231	
46160809	35626985	Has legal category	20180731	20991231	
46160809	35626993	Has disc indicator	20180731	20991231	
46160809	36708237	Is a	20170131	20991231	
46160809	37207390	Has CD category	20190731	20991231	
46160809	37209199	Is a	20190731	20991231	
46160809	37310858	Has AMP restr ind	20200309	20991231	
46160809	46023331	Has AMP	20150131	20991231	
46160809	46091834	Is a	20150131	20991231	
46160809	46160809	Mapped from	20180731	20991231	
46160809	46160809	Maps to	20180731	20991231	
46160812	35607932	Has non-avail ind	20180731	20991231	
46160812	35626975	VMP has prescr stat	20180731	20991231	
46160812	35626985	Has legal category	20180731	20991231	
46160812	35626993	Has disc indicator	20180731	20991231	
46160812	37207390	Has CD category	20190731	20991231	
46160812	37209199	Is a	20190731	20991231	
46160812	37310858	Has AMP restr ind	20200309	20991231	
46160812	46160812	Mapped from	20180731	20991231	
46160812	46160812	Maps to	20180731	20991231	
46160813	35607932	Has non-avail ind	20180731	20991231	
46160813	35626975	VMP has prescr stat	20180731	20991231	
46160813	35626985	Has legal category	20180731	20991231	
46160813	35626993	Has disc indicator	20180731	20991231	
46160813	37207390	Has CD category	20190731	20991231	
46160813	37209199	Is a	20190731	20991231	
46160813	37310858	Has AMP restr ind	20200309	20991231	
46160813	46023335	Has AMP	20150131	20991231	
46160813	46160813	Mapped from	20180731	20991231	
46160813	46160813	Maps to	20180731	20991231	
46160814	35607932	Has non-avail ind	20180731	20991231	
46160814	35626975	VMP has prescr stat	20180731	20991231	
46160814	35626985	Has legal category	20180731	20991231	
46160814	35626993	Has disc indicator	20180731	20991231	
46160814	37207390	Has CD category	20190731	20991231	
46160814	37209199	Is a	20190731	20991231	
46160814	37310858	Has AMP restr ind	20200309	20991231	
46160814	46023336	Has AMP	20150131	20991231	
46160814	46094484	Is a	20150131	20991231	
46160814	46160814	Mapped from	20180731	20991231	
46160814	46160814	Maps to	20180731	20991231	
46160817	35607932	Has non-avail ind	20180731	20991231	
46160817	35626975	VMP has prescr stat	20180731	20991231	
46160817	35626985	Has legal category	20180731	20991231	
46160817	35626993	Has disc indicator	20180731	20991231	
46160817	37207390	Has CD category	20190731	20991231	
46160817	37209199	Is a	20190731	20991231	
46160817	37310858	Has AMP restr ind	20200309	20991231	
46160817	46096530	Is a	20150131	20991231	
46160817	46160817	Mapped from	20180731	20991231	
46160817	46160817	Maps to	20180731	20991231	
46160819	35607932	Has non-avail ind	20180731	20991231	
46160819	35626975	VMP has prescr stat	20180731	20991231	
46160819	35626985	Has legal category	20180731	20991231	
46160819	35626993	Has disc indicator	20180731	20991231	
46160819	37207390	Has CD category	20190731	20991231	
46160819	37209199	Is a	20190731	20991231	
46160819	37310858	Has AMP restr ind	20200309	20991231	
46160819	46023341	Has AMP	20150131	20991231	
46160819	46096530	Is a	20150131	20991231	
46160819	46160819	Mapped from	20180731	20991231	
46160819	46160819	Maps to	20180731	20991231	
46160820	35607932	Has non-avail ind	20180731	20991231	
46160820	35626975	VMP has prescr stat	20180731	20991231	
46160820	35626985	Has legal category	20180731	20991231	
46160820	35626993	Has disc indicator	20180731	20991231	
46160820	37207390	Has CD category	20190731	20991231	
46160820	37209199	Is a	20190731	20991231	
46160820	37310858	Has AMP restr ind	20200309	20991231	
46160820	46023342	Has AMP	20150131	20991231	
46160820	46096530	Is a	20150131	20991231	
46160820	46160820	Mapped from	20180731	20991231	
46160820	46160820	Maps to	20180731	20991231	
46160821	35607932	Has non-avail ind	20180731	20991231	
46160821	35626975	VMP has prescr stat	20180731	20991231	
46160821	35626985	Has legal category	20180731	20991231	
46160821	35626993	Has disc indicator	20180731	20991231	
46160821	37207390	Has CD category	20190731	20991231	
46160821	37209199	Is a	20190731	20991231	
46160821	37310858	Has AMP restr ind	20200309	20991231	
46160821	46096530	Is a	20150131	20991231	
46160821	46160821	Mapped from	20180731	20991231	
46160821	46160821	Maps to	20180731	20991231	
46160822	4294756	Has disp dose form	20180731	20991231	
46160822	35607932	Has non-avail ind	20180731	20991231	
46160822	35608652	Is a	20180731	20991231	
46160822	35626950	Has excipient	20180731	20991231	
46160822	35626973	VMP has prescr stat	20180731	20991231	
46160822	35626986	Has legal category	20180731	20991231	
46160822	35626992	Has disc indicator	20180731	20991231	
46160822	37207390	Has CD category	20190731	20991231	
46160822	37310856	Has AMP restr ind	20200309	20991231	
46160822	45957072	Has spec active ing	20180731	20991231	
46160822	46023343	Has AMP	20150131	20991231	
46160822	46091812	Is a	20150131	20991231	
46160823	35607932	Has non-avail ind	20180731	20991231	
46160823	35626975	VMP has prescr stat	20180731	20991231	
46160823	35626985	Has legal category	20180731	20991231	
46160823	35626993	Has disc indicator	20180731	20991231	
46160823	37207390	Has CD category	20190731	20991231	
46160823	37209199	Is a	20190731	20991231	
46160823	37310858	Has AMP restr ind	20200309	20991231	
46160823	46096530	Is a	20150131	20991231	
46160823	46160823	Mapped from	20180731	20991231	
46160823	46160823	Maps to	20180731	20991231	
46160824	35607932	Has non-avail ind	20180731	20991231	
46160824	35626975	VMP has prescr stat	20180731	20991231	
46160824	35626985	Has legal category	20180731	20991231	
46160824	35626993	Has disc indicator	20180731	20991231	
46160824	37207390	Has CD category	20190731	20991231	
46160824	37209199	Is a	20190731	20991231	
46160824	37310858	Has AMP restr ind	20200309	20991231	
46160824	46096394	Is a	20150131	20991231	
46160824	46160824	Mapped from	20180731	20991231	
46160824	46160824	Maps to	20180731	20991231	
46160825	35607932	Has non-avail ind	20180731	20991231	
46160825	35626975	VMP has prescr stat	20180731	20991231	
46160825	35626985	Has legal category	20180731	20991231	
46160825	35626993	Has disc indicator	20180731	20991231	
46160825	37207390	Has CD category	20190731	20991231	
46160825	37209199	Is a	20190731	20991231	
46160825	37310858	Has AMP restr ind	20200309	20991231	
46160825	46096530	Is a	20150131	20991231	
46160825	46160825	Mapped from	20180731	20991231	
46160825	46160825	Maps to	20180731	20991231	
46160827	35607932	Has non-avail ind	20180731	20991231	
46160827	35626975	VMP has prescr stat	20180731	20991231	
46160827	35626985	Has legal category	20180731	20991231	
46160827	35626993	Has disc indicator	20180731	20991231	
46160827	37207390	Has CD category	20190731	20991231	
46160827	37209199	Is a	20190731	20991231	
46160827	37310858	Has AMP restr ind	20200309	20991231	
46160827	46023349	Has AMP	20150131	20991231	
46160827	46096530	Is a	20150131	20991231	
46160827	46160827	Mapped from	20180731	20991231	
46160827	46160827	Maps to	20180731	20991231	
46160828	35607932	Has non-avail ind	20180731	20991231	
46160828	35626975	VMP has prescr stat	20180731	20991231	
46160828	35626985	Has legal category	20180731	20991231	
46160828	35626993	Has disc indicator	20180731	20991231	
46160828	37207390	Has CD category	20190731	20991231	
46160828	37209199	Is a	20190731	20991231	
46160828	37310858	Has AMP restr ind	20200309	20991231	
46160828	46023350	Has AMP	20150131	20991231	
46160828	46096394	Is a	20150131	20991231	
46160828	46160828	Mapped from	20180731	20991231	
46160828	46160828	Maps to	20180731	20991231	
46160829	35607932	Has non-avail ind	20180731	20991231	
46160829	35626975	VMP has prescr stat	20180731	20991231	
46160829	35626985	Has legal category	20180731	20991231	
46160829	35626993	Has disc indicator	20180731	20991231	
46160829	37207390	Has CD category	20190731	20991231	
46160829	37209199	Is a	20190731	20991231	
46160829	37310858	Has AMP restr ind	20200309	20991231	
46160829	46023351	Has AMP	20150131	20991231	
46160829	46096394	Is a	20150131	20991231	
46160829	46160829	Mapped from	20180731	20991231	
46160829	46160829	Maps to	20180731	20991231	
46160831	35607932	Has non-avail ind	20180731	20991231	
46160831	35626975	VMP has prescr stat	20180731	20991231	
46160831	35626985	Has legal category	20180731	20991231	
46160831	35626993	Has disc indicator	20180731	20991231	
46160831	37207390	Has CD category	20190731	20991231	
46160831	37209199	Is a	20190731	20991231	
46160831	37310858	Has AMP restr ind	20200309	20991231	
46160831	46096396	Is a	20150131	20991231	
46160831	46160831	Mapped from	20180731	20991231	
46160831	46160831	Maps to	20180731	20991231	
46160833	4294612	Has disp dose form	20180731	20991231	
46160833	35607932	Has non-avail ind	20180731	20991231	
46160833	35608652	Is a	20180731	20991231	
46160833	35626950	Has excipient	20180731	20991231	
46160833	35626975	VMP has prescr stat	20180731	20991231	
46160833	35626988	Has legal category	20180731	20991231	
46160833	35626993	Has disc indicator	20180731	20991231	
46160833	37207390	Has CD category	20190731	20991231	
46160833	37310858	Has AMP restr ind	20200309	20991231	
46160833	45957195	Has spec active ing	20180731	20991231	
46160833	45998264	Has AMP	20150131	20991231	
46160833	46085806	Is a	20150131	20991231	
46160835	35607932	Has non-avail ind	20180731	20991231	
46160835	35626975	VMP has prescr stat	20180731	20991231	
46160835	35626985	Has legal category	20180731	20991231	
46160835	35626993	Has disc indicator	20180731	20991231	
46160835	37207390	Has CD category	20190731	20991231	
46160835	37209199	Is a	20190731	20991231	
46160835	37310858	Has AMP restr ind	20200309	20991231	
46160835	46096396	Is a	20150131	20991231	
46160835	46160835	Mapped from	20180731	20991231	
46160835	46160835	Maps to	20180731	20991231	
46160836	4298770	Has disp dose form	20180731	20991231	
46160836	35607932	Has non-avail ind	20180731	20991231	
46160836	35608652	Is a	20180731	20991231	
46160836	35626973	VMP has prescr stat	20180731	20991231	
46160836	35626986	Has legal category	20180731	20991231	
46160836	35626991	Has disc indicator	20180731	20991231	
46160836	37310858	Has AMP restr ind	20200309	20991231	
46160837	4298770	Has disp dose form	20180731	20991231	
46160837	35607932	Has non-avail ind	20180731	20991231	
46160837	35608652	Is a	20180731	20991231	
46160837	35626973	VMP has prescr stat	20180731	20991231	
46160837	35626986	Has legal category	20180731	20991231	
46160837	35626991	Has disc indicator	20180731	20991231	
46160837	37310858	Has AMP restr ind	20200309	20991231	
46160837	46100302	Is a	20150131	20991231	
46160838	35607932	Has non-avail ind	20180731	20991231	
46160838	35626975	VMP has prescr stat	20180731	20991231	
46160838	35626985	Has legal category	20180731	20991231	
46160838	35626993	Has disc indicator	20180731	20991231	
46160838	36708237	Is a	20170131	20991231	
46160838	37207390	Has CD category	20190731	20991231	
46160838	37209199	Is a	20190731	20991231	
46160838	37310858	Has AMP restr ind	20200309	20991231	
46160838	46091834	Is a	20150131	20991231	
46160838	46160838	Mapped from	20180731	20991231	
46160838	46160838	Maps to	20180731	20991231	
46160839	35607932	Has non-avail ind	20180731	20991231	
46160839	35626975	VMP has prescr stat	20180731	20991231	
46160839	35626985	Has legal category	20180731	20991231	
46160839	35626993	Has disc indicator	20180731	20991231	
46160839	36708237	Is a	20170131	20991231	
46160839	37207390	Has CD category	20190731	20991231	
46160839	37209199	Is a	20190731	20991231	
46160839	37310858	Has AMP restr ind	20200309	20991231	
46160839	46091834	Is a	20150131	20991231	
46160839	46160839	Mapped from	20180731	20991231	
46160839	46160839	Maps to	20180731	20991231	
46160841	35607932	Has non-avail ind	20180731	20991231	
46160841	35626975	VMP has prescr stat	20180731	20991231	
46160841	35626985	Has legal category	20180731	20991231	
46160841	35626993	Has disc indicator	20180731	20991231	
46160841	36708237	Is a	20170131	20991231	
46160841	37207390	Has CD category	20190731	20991231	
46160841	37209199	Is a	20190731	20991231	
46160841	37310858	Has AMP restr ind	20200309	20991231	
46160841	46091834	Is a	20150131	20991231	
46160841	46160841	Mapped from	20180731	20991231	
46160841	46160841	Maps to	20180731	20991231	
46160847	35607932	Has non-avail ind	20180731	20991231	
46160847	35626975	VMP has prescr stat	20180731	20991231	
46160847	35626985	Has legal category	20180731	20991231	
46160847	35626993	Has disc indicator	20180731	20991231	
46160847	36708237	Is a	20170131	20991231	
46160847	37207390	Has CD category	20190731	20991231	
46160847	37209199	Is a	20190731	20991231	
46160847	37310858	Has AMP restr ind	20200309	20991231	
46160847	46023366	Has AMP	20150131	20991231	
46160847	46091834	Is a	20150131	20991231	
46160847	46160847	Mapped from	20180731	20991231	
46160847	46160847	Maps to	20180731	20991231	
46160849	35607932	Has non-avail ind	20180731	20991231	
46160849	35626975	VMP has prescr stat	20180731	20991231	
46160849	35626985	Has legal category	20180731	20991231	
46160849	35626993	Has disc indicator	20180731	20991231	
46160849	36708237	Is a	20170131	20991231	
46160849	37207390	Has CD category	20190731	20991231	
46160849	37209199	Is a	20190731	20991231	
46160849	37310858	Has AMP restr ind	20200309	20991231	
46160849	46091834	Is a	20150131	20991231	
46160849	46160849	Mapped from	20180731	20991231	
46160849	46160849	Maps to	20180731	20991231	
46160852	35607932	Has non-avail ind	20180731	20991231	
46160852	35626975	VMP has prescr stat	20180731	20991231	
46160852	35626985	Has legal category	20180731	20991231	
46160852	35626993	Has disc indicator	20180731	20991231	
46160852	36708237	Is a	20170131	20991231	
46160852	37207390	Has CD category	20190731	20991231	
46160852	37209199	Is a	20190731	20991231	
46160852	37310858	Has AMP restr ind	20200309	20991231	
46160852	46091834	Is a	20150131	20991231	
46160852	46160852	Mapped from	20180731	20991231	
46160852	46160852	Maps to	20180731	20991231	
46160853	35607932	Has non-avail ind	20180731	20991231	
46160853	35626975	VMP has prescr stat	20180731	20991231	
46160853	35626985	Has legal category	20180731	20991231	
46160853	35626993	Has disc indicator	20180731	20991231	
46160853	36708237	Is a	20170131	20991231	
46160853	37207390	Has CD category	20190731	20991231	
46160853	37209199	Is a	20190731	20991231	
46160853	37310858	Has AMP restr ind	20200309	20991231	
46160853	46023372	Has AMP	20150131	20991231	
46160853	46091834	Is a	20150131	20991231	
46160853	46160853	Mapped from	20180731	20991231	
46160853	46160853	Maps to	20180731	20991231	
46160855	35607932	Has non-avail ind	20180731	20991231	
46160855	35626975	VMP has prescr stat	20180731	20991231	
46160855	35626985	Has legal category	20180731	20991231	
46160855	35626993	Has disc indicator	20180731	20991231	
46160855	36708237	Is a	20170131	20991231	
46160855	37207390	Has CD category	20190731	20991231	
46160855	37209199	Is a	20190731	20991231	
46160855	37310858	Has AMP restr ind	20200309	20991231	
46160855	46023374	Has AMP	20150131	20991231	
46160855	46091834	Is a	20150131	20991231	
46160855	46160855	Mapped from	20180731	20991231	
46160855	46160855	Maps to	20180731	20991231	
46160857	35607932	Has non-avail ind	20180731	20991231	
46160857	35626975	VMP has prescr stat	20180731	20991231	
46160857	35626985	Has legal category	20180731	20991231	
46160857	35626993	Has disc indicator	20180731	20991231	
46160857	36708237	Is a	20170131	20991231	
46160857	37207390	Has CD category	20190731	20991231	
46160857	37209199	Is a	20190731	20991231	
46160857	37310858	Has AMP restr ind	20200309	20991231	
46160857	46023376	Has AMP	20150131	20991231	
46160857	46091834	Is a	20150131	20991231	
46160857	46160857	Mapped from	20180731	20991231	
46160857	46160857	Maps to	20180731	20991231	
46160858	35607932	Has non-avail ind	20180731	20991231	
46160858	35626975	VMP has prescr stat	20180731	20991231	
46160858	35626985	Has legal category	20180731	20991231	
46160858	35626993	Has disc indicator	20180731	20991231	
46160858	36708237	Is a	20170131	20991231	
46160858	37207390	Has CD category	20190731	20991231	
46160858	37209199	Is a	20190731	20991231	
46160858	37310858	Has AMP restr ind	20200309	20991231	
46160858	46023377	Has AMP	20150131	20991231	
46160858	46091834	Is a	20150131	20991231	
46160858	46160858	Mapped from	20180731	20991231	
46160858	46160858	Maps to	20180731	20991231	
46160860	35607932	Has non-avail ind	20180731	20991231	
46160860	35626975	VMP has prescr stat	20180731	20991231	
46160860	35626985	Has legal category	20180731	20991231	
46160860	35626993	Has disc indicator	20180731	20991231	
46160860	36708237	Is a	20170131	20991231	
46160860	37207390	Has CD category	20190731	20991231	
46160860	37209199	Is a	20190731	20991231	
46160860	37310858	Has AMP restr ind	20200309	20991231	
46160860	46023379	Has AMP	20150131	20991231	
46160860	46091834	Is a	20150131	20991231	
46160860	46160860	Mapped from	20180731	20991231	
46160860	46160860	Maps to	20180731	20991231	
46160864	35607932	Has non-avail ind	20180731	20991231	
46160864	35626975	VMP has prescr stat	20180731	20991231	
46160864	35626985	Has legal category	20180731	20991231	
46160864	35626993	Has disc indicator	20180731	20991231	
46160864	36708237	Is a	20170131	20991231	
46160864	37207390	Has CD category	20190731	20991231	
46160864	37209199	Is a	20190731	20991231	
46160864	37310858	Has AMP restr ind	20200309	20991231	
46160864	46091834	Is a	20150131	20991231	
46160864	46160864	Mapped from	20180731	20991231	
46160864	46160864	Maps to	20180731	20991231	
46160867	35607932	Has non-avail ind	20180731	20991231	
46160867	35626975	VMP has prescr stat	20180731	20991231	
46160867	35626985	Has legal category	20180731	20991231	
46160867	35626993	Has disc indicator	20180731	20991231	
46160867	36708237	Is a	20170131	20991231	
46160867	37207390	Has CD category	20190731	20991231	
46160867	37209199	Is a	20190731	20991231	
46160867	37310858	Has AMP restr ind	20200309	20991231	
46160867	46023386	Has AMP	20150131	20991231	
46160867	46091834	Is a	20150131	20991231	
46160867	46160867	Mapped from	20180731	20991231	
46160867	46160867	Maps to	20180731	20991231	
46160869	35607932	Has non-avail ind	20180731	20991231	
46160869	35626975	VMP has prescr stat	20180731	20991231	
46160869	35626985	Has legal category	20180731	20991231	
46160869	35626993	Has disc indicator	20180731	20991231	
46160869	36708237	Is a	20170131	20991231	
46160869	37207390	Has CD category	20190731	20991231	
46160869	37209199	Is a	20190731	20991231	
46160869	37310858	Has AMP restr ind	20200309	20991231	
46160869	46091834	Is a	20150131	20991231	
46160869	46160869	Mapped from	20180731	20991231	
46160869	46160869	Maps to	20180731	20991231	
46160871	35607932	Has non-avail ind	20180731	20991231	
46160871	35626975	VMP has prescr stat	20180731	20991231	
46160871	35626985	Has legal category	20180731	20991231	
46160871	35626993	Has disc indicator	20180731	20991231	
46160871	36708237	Is a	20170131	20991231	
46160871	37207390	Has CD category	20190731	20991231	
46160871	37209199	Is a	20190731	20991231	
46160871	37310858	Has AMP restr ind	20200309	20991231	
46160871	46091834	Is a	20150131	20991231	
46160871	46160871	Mapped from	20180731	20991231	
46160871	46160871	Maps to	20180731	20991231	
46160874	35607932	Has non-avail ind	20180731	20991231	
46160874	35626975	VMP has prescr stat	20180731	20991231	
46160874	35626985	Has legal category	20180731	20991231	
46160874	35626993	Has disc indicator	20180731	20991231	
46160874	36708237	Is a	20170131	20991231	
46160874	37207390	Has CD category	20190731	20991231	
46160874	37209199	Is a	20190731	20991231	
46160874	37310858	Has AMP restr ind	20200309	20991231	
46160874	46023393	Has AMP	20150131	20991231	
46160874	46091834	Is a	20150131	20991231	
46160874	46160874	Mapped from	20180731	20991231	
46160874	46160874	Maps to	20180731	20991231	
46160875	35607932	Has non-avail ind	20180731	20991231	
46160875	35626975	VMP has prescr stat	20180731	20991231	
46160875	35626985	Has legal category	20180731	20991231	
46160875	35626993	Has disc indicator	20180731	20991231	
46160875	36708237	Is a	20170131	20991231	
46160875	37207390	Has CD category	20190731	20991231	
46160875	37209199	Is a	20190731	20991231	
46160875	37310858	Has AMP restr ind	20200309	20991231	
46160875	46023394	Has AMP	20150131	20991231	
46160875	46091834	Is a	20150131	20991231	
46160875	46160875	Mapped from	20180731	20991231	
46160875	46160875	Maps to	20180731	20991231	
46160876	35607932	Has non-avail ind	20180731	20991231	
46160876	35626975	VMP has prescr stat	20180731	20991231	
46160876	35626985	Has legal category	20180731	20991231	
46160876	35626993	Has disc indicator	20180731	20991231	
46160876	36708237	Is a	20170131	20991231	
46160876	37207390	Has CD category	20190731	20991231	
46160876	37209199	Is a	20190731	20991231	
46160876	37310858	Has AMP restr ind	20200309	20991231	
46160876	46091834	Is a	20150131	20991231	
46160876	46160876	Mapped from	20180731	20991231	
46160876	46160876	Maps to	20180731	20991231	
46160877	35607932	Has non-avail ind	20180731	20991231	
46160877	35626975	VMP has prescr stat	20180731	20991231	
46160877	35626985	Has legal category	20180731	20991231	
46160877	35626993	Has disc indicator	20180731	20991231	
46160877	36708237	Is a	20170131	20991231	
46160877	37207390	Has CD category	20190731	20991231	
46160877	37209199	Is a	20190731	20991231	
46160877	37310858	Has AMP restr ind	20200309	20991231	
46160877	46091834	Is a	20150131	20991231	
46160877	46160877	Mapped from	20180731	20991231	
46160877	46160877	Maps to	20180731	20991231	
46160878	35607932	Has non-avail ind	20180731	20991231	
46160878	35626975	VMP has prescr stat	20180731	20991231	
46160878	35626985	Has legal category	20180731	20991231	
46160878	35626993	Has disc indicator	20180731	20991231	
46160878	36708237	Is a	20170131	20991231	
46160878	37207390	Has CD category	20190731	20991231	
46160878	37209199	Is a	20190731	20991231	
46160878	37310858	Has AMP restr ind	20200309	20991231	
46160878	46091834	Is a	20150131	20991231	
46160878	46160878	Mapped from	20180731	20991231	
46160878	46160878	Maps to	20180731	20991231	
46160881	35607932	Has non-avail ind	20180731	20991231	
46160881	35626975	VMP has prescr stat	20180731	20991231	
46160881	35626985	Has legal category	20180731	20991231	
46160881	35626993	Has disc indicator	20180731	20991231	
46160881	37207390	Has CD category	20190731	20991231	
46160881	37209199	Is a	20190731	20991231	
46160881	37310858	Has AMP restr ind	20200309	20991231	
46160881	46023400	Has AMP	20150131	20991231	
46160881	46091834	Is a	20150131	20991231	
46160881	46160881	Mapped from	20180731	20991231	
46160881	46160881	Maps to	20180731	20991231	
46160883	35607932	Has non-avail ind	20180731	20991231	
46160883	35626975	VMP has prescr stat	20180731	20991231	
46160883	35626985	Has legal category	20180731	20991231	
46160883	35626993	Has disc indicator	20180731	20991231	
46160883	37207390	Has CD category	20190731	20991231	
46160883	37209199	Is a	20190731	20991231	
46160883	37310858	Has AMP restr ind	20200309	20991231	
46160883	46023402	Has AMP	20150131	20991231	
46160883	46091834	Is a	20150131	20991231	
46160883	46160883	Mapped from	20180731	20991231	
46160883	46160883	Maps to	20180731	20991231	
46160884	35607932	Has non-avail ind	20180731	20991231	
46160884	35626975	VMP has prescr stat	20180731	20991231	
46160884	35626985	Has legal category	20180731	20991231	
46160884	35626993	Has disc indicator	20180731	20991231	
46160884	37207390	Has CD category	20190731	20991231	
46160884	37209199	Is a	20190731	20991231	
46160884	37310858	Has AMP restr ind	20200309	20991231	
46160884	46091834	Is a	20150131	20991231	
46160884	46160884	Mapped from	20180731	20991231	
46160884	46160884	Maps to	20180731	20991231	
46160886	35607932	Has non-avail ind	20180731	20991231	
46160886	35626975	VMP has prescr stat	20180731	20991231	
46160886	35626985	Has legal category	20180731	20991231	
46160886	35626993	Has disc indicator	20180731	20991231	
46160886	37207390	Has CD category	20190731	20991231	
46160886	37209199	Is a	20190731	20991231	
46160886	37310858	Has AMP restr ind	20200309	20991231	
46160886	46091834	Is a	20150131	20991231	
46160886	46160886	Mapped from	20180731	20991231	
46160886	46160886	Maps to	20180731	20991231	
46160888	35607932	Has non-avail ind	20180731	20991231	
46160888	35626975	VMP has prescr stat	20180731	20991231	
46160888	35626985	Has legal category	20180731	20991231	
46160888	35626993	Has disc indicator	20180731	20991231	
46160888	37207390	Has CD category	20190731	20991231	
46160888	37209199	Is a	20190731	20991231	
46160888	37310858	Has AMP restr ind	20200309	20991231	
46160888	46091834	Is a	20150131	20991231	
46160888	46160888	Mapped from	20180731	20991231	
46160888	46160888	Maps to	20180731	20991231	
46160890	35607932	Has non-avail ind	20180731	20991231	
46160890	35626975	VMP has prescr stat	20180731	20991231	
46160890	35626985	Has legal category	20180731	20991231	
46160890	35626993	Has disc indicator	20180731	20991231	
46160890	36708237	Is a	20170131	20991231	
46160890	37207390	Has CD category	20190731	20991231	
46160890	37209199	Is a	20190731	20991231	
46160890	37310858	Has AMP restr ind	20200309	20991231	
46160890	46091834	Is a	20150131	20991231	
46160890	46160890	Mapped from	20180731	20991231	
46160890	46160890	Maps to	20180731	20991231	
46160898	35607932	Has non-avail ind	20180731	20991231	
46160898	35626975	VMP has prescr stat	20180731	20991231	
46160898	35626985	Has legal category	20180731	20991231	
46160898	35626993	Has disc indicator	20180731	20991231	
46160898	36708237	Is a	20170131	20991231	
46160898	37207390	Has CD category	20190731	20991231	
46160898	37209199	Is a	20190731	20991231	
46160898	37310858	Has AMP restr ind	20200309	20991231	
46160898	46023417	Has AMP	20150131	20991231	
46160898	46091834	Is a	20150131	20991231	
46160898	46160898	Mapped from	20180731	20991231	
46160898	46160898	Maps to	20180731	20991231	
46160899	35607932	Has non-avail ind	20180731	20991231	
46160899	35626975	VMP has prescr stat	20180731	20991231	
46160899	35626985	Has legal category	20180731	20991231	
46160899	35626993	Has disc indicator	20180731	20991231	
46160899	36708237	Is a	20170131	20991231	
46160899	37207390	Has CD category	20190731	20991231	
46160899	37209199	Is a	20190731	20991231	
46160899	37310858	Has AMP restr ind	20200309	20991231	
46160899	46023418	Has AMP	20150131	20991231	
46160899	46091834	Is a	20150131	20991231	
46160899	46160899	Mapped from	20180731	20991231	
46160899	46160899	Maps to	20180731	20991231	
46160902	35607932	Has non-avail ind	20180731	20991231	
46160902	35626975	VMP has prescr stat	20180731	20991231	
46160902	35626985	Has legal category	20180731	20991231	
46160902	35626993	Has disc indicator	20180731	20991231	
46160902	37207390	Has CD category	20190731	20991231	
46160902	37209199	Is a	20190731	20991231	
46160902	37310858	Has AMP restr ind	20200309	20991231	
46160902	46096535	Is a	20150131	20991231	
46160902	46160902	Mapped from	20180731	20991231	
46160902	46160902	Maps to	20180731	20991231	
46160908	35607932	Has non-avail ind	20180731	20991231	
46160908	35626975	VMP has prescr stat	20180731	20991231	
46160908	35626985	Has legal category	20180731	20991231	
46160908	35626993	Has disc indicator	20180731	20991231	
46160908	37207390	Has CD category	20190731	20991231	
46160908	37209199	Is a	20190731	20991231	
46160908	37310858	Has AMP restr ind	20200309	20991231	
46160908	46023427	Has AMP	20150131	20991231	
46160908	46096535	Is a	20150131	20991231	
46160908	46160908	Mapped from	20180731	20991231	
46160908	46160908	Maps to	20180731	20991231	
46160911	35607932	Has non-avail ind	20180731	20991231	
46160911	35626975	VMP has prescr stat	20180731	20991231	
46160911	35626985	Has legal category	20180731	20991231	
46160911	35626993	Has disc indicator	20180731	20991231	
46160911	37207390	Has CD category	20190731	20991231	
46160911	37209199	Is a	20190731	20991231	
46160911	37310858	Has AMP restr ind	20200309	20991231	
46160911	46023430	Has AMP	20150131	20991231	
46160911	46085805	Is a	20150131	20991231	
46160911	46160911	Mapped from	20180731	20991231	
46160911	46160911	Maps to	20180731	20991231	
46160912	35607932	Has non-avail ind	20180731	20991231	
46160912	35626975	VMP has prescr stat	20180731	20991231	
46160912	35626985	Has legal category	20180731	20991231	
46160912	35626993	Has disc indicator	20180731	20991231	
46160912	37207390	Has CD category	20190731	20991231	
46160912	37209199	Is a	20190731	20991231	
46160912	37310858	Has AMP restr ind	20200309	20991231	
46160912	46096535	Is a	20150131	20991231	
46160912	46160912	Mapped from	20180731	20991231	
46160912	46160912	Maps to	20180731	20991231	
46160914	35607932	Has non-avail ind	20180731	20991231	
46160914	35626975	VMP has prescr stat	20180731	20991231	
46160914	35626985	Has legal category	20180731	20991231	
46160914	35626993	Has disc indicator	20180731	20991231	
46160914	37207390	Has CD category	20190731	20991231	
46160914	37209199	Is a	20190731	20991231	
46160914	37310858	Has AMP restr ind	20200309	20991231	
46160914	46023433	Has AMP	20150131	20991231	
46160914	46096535	Is a	20150131	20991231	
46160914	46160914	Mapped from	20180731	20991231	
46160914	46160914	Maps to	20180731	20991231	
46160915	35607932	Has non-avail ind	20180731	20991231	
46160915	35626975	VMP has prescr stat	20180731	20991231	
46160915	35626985	Has legal category	20180731	20991231	
46160915	35626993	Has disc indicator	20180731	20991231	
46160915	37207390	Has CD category	20190731	20991231	
46160915	37209199	Is a	20190731	20991231	
46160915	37310858	Has AMP restr ind	20200309	20991231	
46160915	46023434	Has AMP	20150131	20991231	
46160915	46096535	Is a	20150131	20991231	
46160915	46160915	Mapped from	20180731	20991231	
46160915	46160915	Maps to	20180731	20991231	
46160916	4293448	Has disp dose form	20180731	20991231	
46160916	35607932	Has non-avail ind	20180731	20991231	
46160916	35608652	Is a	20180731	20991231	
46160916	35626950	Has excipient	20180731	20991231	
46160916	35626973	VMP has prescr stat	20180731	20991231	
46160916	35626986	Has legal category	20180731	20991231	
46160916	35626993	Has disc indicator	20180731	20991231	
46160916	37207390	Has CD category	20190731	20991231	
46160916	37310855	Has AMP restr ind	20200309	20991231	
46160916	46023435	Has AMP	20150131	20991231	
46160916	46085804	Is a	20150131	20991231	
46160919	35607932	Has non-avail ind	20180731	20991231	
46160919	35626975	VMP has prescr stat	20180731	20991231	
46160919	35626985	Has legal category	20180731	20991231	
46160919	35626993	Has disc indicator	20180731	20991231	
46160919	37207390	Has CD category	20190731	20991231	
46160919	37209199	Is a	20190731	20991231	
46160919	37310858	Has AMP restr ind	20200309	20991231	
46160919	46096535	Is a	20150131	20991231	
46160919	46160919	Mapped from	20180731	20991231	
46160919	46160919	Maps to	20180731	20991231	
46160920	35607932	Has non-avail ind	20180731	20991231	
46160920	35626975	VMP has prescr stat	20180731	20991231	
46160920	35626985	Has legal category	20180731	20991231	
46160920	35626993	Has disc indicator	20180731	20991231	
46160920	37207390	Has CD category	20190731	20991231	
46160920	37209199	Is a	20190731	20991231	
46160920	37310858	Has AMP restr ind	20200309	20991231	
46160920	46023439	Has AMP	20150131	20991231	
46160920	46096535	Is a	20150131	20991231	
46160920	46160920	Mapped from	20180731	20991231	
46160920	46160920	Maps to	20180731	20991231	
46160921	35607932	Has non-avail ind	20180731	20991231	
46160921	35626975	VMP has prescr stat	20180731	20991231	
46160921	35626985	Has legal category	20180731	20991231	
46160921	35626993	Has disc indicator	20180731	20991231	
46160921	37207390	Has CD category	20190731	20991231	
46160921	37209199	Is a	20190731	20991231	
46160921	37310858	Has AMP restr ind	20200309	20991231	
46160921	46096535	Is a	20150131	20991231	
46160921	46160921	Mapped from	20180731	20991231	
46160921	46160921	Maps to	20180731	20991231	
46160924	35607932	Has non-avail ind	20180731	20991231	
46160924	35626975	VMP has prescr stat	20180731	20991231	
46160924	35626985	Has legal category	20180731	20991231	
46160924	35626993	Has disc indicator	20180731	20991231	
46160924	37207390	Has CD category	20190731	20991231	
46160924	37209199	Is a	20190731	20991231	
46160924	37310858	Has AMP restr ind	20200309	20991231	
46160924	46023443	Has AMP	20150131	20991231	
46160924	46096530	Is a	20150131	20991231	
46160924	46160924	Mapped from	20180731	20991231	
46160924	46160924	Maps to	20180731	20991231	
46160927	35607932	Has non-avail ind	20180731	20991231	
46160927	35626975	VMP has prescr stat	20180731	20991231	
46160927	35626985	Has legal category	20180731	20991231	
46160927	35626993	Has disc indicator	20180731	20991231	
46160927	37207390	Has CD category	20190731	20991231	
46160927	37209199	Is a	20190731	20991231	
46160927	37310858	Has AMP restr ind	20200309	20991231	
46160927	46023446	Has AMP	20150131	20991231	
46160927	46096530	Is a	20150131	20991231	
46160927	46160927	Mapped from	20180731	20991231	
46160927	46160927	Maps to	20180731	20991231	
46160929	35607932	Has non-avail ind	20180731	20991231	
46160929	35626975	VMP has prescr stat	20180731	20991231	
46160929	35626985	Has legal category	20180731	20991231	
46160929	35626993	Has disc indicator	20180731	20991231	
46160929	37207390	Has CD category	20190731	20991231	
46160929	37209199	Is a	20190731	20991231	
46160929	37310858	Has AMP restr ind	20200309	20991231	
46160929	46023448	Has AMP	20150131	20991231	
46160929	46096534	Is a	20150131	20991231	
46160929	46160929	Mapped from	20180731	20991231	
46160929	46160929	Maps to	20180731	20991231	
46160930	35607932	Has non-avail ind	20180731	20991231	
46160930	35626975	VMP has prescr stat	20180731	20991231	
46160930	35626985	Has legal category	20180731	20991231	
46160930	35626993	Has disc indicator	20180731	20991231	
46160930	37207390	Has CD category	20190731	20991231	
46160930	37209199	Is a	20190731	20991231	
46160930	37310858	Has AMP restr ind	20200309	20991231	
46160930	46096535	Is a	20150131	20991231	
46160930	46160930	Mapped from	20180731	20991231	
46160930	46160930	Maps to	20180731	20991231	
46160931	35607932	Has non-avail ind	20180731	20991231	
46160931	35626975	VMP has prescr stat	20180731	20991231	
46160931	35626985	Has legal category	20180731	20991231	
46160931	35626993	Has disc indicator	20180731	20991231	
46160931	37207390	Has CD category	20190731	20991231	
46160931	37209199	Is a	20190731	20991231	
46160931	37310858	Has AMP restr ind	20200309	20991231	
46160931	46096534	Is a	20150131	20991231	
46160931	46160931	Mapped from	20180731	20991231	
46160931	46160931	Maps to	20180731	20991231	
46160933	35607932	Has non-avail ind	20180731	20991231	
46160933	35626975	VMP has prescr stat	20180731	20991231	
46160933	35626985	Has legal category	20180731	20991231	
46160933	35626993	Has disc indicator	20180731	20991231	
46160933	37207390	Has CD category	20190731	20991231	
46160933	37209199	Is a	20190731	20991231	
46160933	37310858	Has AMP restr ind	20200309	20991231	
46160933	46023452	Has AMP	20150131	20991231	
46160933	46096535	Is a	20150131	20991231	
46160933	46160933	Mapped from	20180731	20991231	
46160933	46160933	Maps to	20180731	20991231	
46160935	35607932	Has non-avail ind	20180731	20991231	
46160935	35626975	VMP has prescr stat	20180731	20991231	
46160935	35626985	Has legal category	20180731	20991231	
46160935	35626993	Has disc indicator	20180731	20991231	
46160935	37207390	Has CD category	20190731	20991231	
46160935	37209199	Is a	20190731	20991231	
46160935	37310858	Has AMP restr ind	20200309	20991231	
46160935	46023454	Has AMP	20150131	20991231	
46160935	46160935	Mapped from	20180731	20991231	
46160935	46160935	Maps to	20180731	20991231	
46160936	4029636	Has excipient	20180731	20991231	
46160936	4136036	Has spec active ing	20180731	20991231	
46160936	4293448	Has disp dose form	20180731	20991231	
46160936	35607932	Has non-avail ind	20180731	20991231	
46160936	35608652	Is a	20180731	20991231	
46160936	35626973	VMP has prescr stat	20180731	20991231	
46160936	35626986	Has legal category	20180731	20991231	
46160936	35626993	Has disc indicator	20180731	20991231	
46160936	37207390	Has CD category	20190731	20991231	
46160936	37309772	Has free indicator	20200309	20991231	
46160936	37310858	Has AMP restr ind	20200309	20991231	
46160938	35608652	Is a	20180731	20991231	
46160938	35626950	Has excipient	20180731	20991231	
46160938	35626975	VMP has prescr stat	20180731	20991231	
46160938	35626980	Has non-avail ind	20180731	20991231	
46160938	35626985	Has legal category	20180731	20991231	
46160938	35626992	Has disc indicator	20180731	20991231	
46160938	37207390	Has CD category	20190731	20991231	
46160938	37310856	Has AMP restr ind	20200309	20991231	
46160938	46023457	Has AMP	20150131	20991231	
46160938	46085800	Is a	20150131	20991231	
46160940	35608652	Is a	20180731	20991231	
46160940	35626950	Has excipient	20180731	20991231	
46160940	35626975	VMP has prescr stat	20180731	20991231	
46160940	35626980	Has non-avail ind	20180731	20991231	
46160940	35626985	Has legal category	20180731	20991231	
46160940	35626992	Has disc indicator	20180731	20991231	
46160940	37207390	Has CD category	20190731	20991231	
46160940	37310856	Has AMP restr ind	20200309	20991231	
46160940	46023459	Has AMP	20150131	20991231	
46160940	46085798	Is a	20150131	20991231	
46160942	4294612	Has disp dose form	20180731	20991231	
46160942	4299745	Has spec active ing	20180731	20991231	
46160942	35607932	Has non-avail ind	20180731	20991231	
46160942	35608652	Is a	20180731	20991231	
46160942	35626950	Has excipient	20180731	20991231	
46160942	35626973	VMP has prescr stat	20180731	20991231	
46160942	35626986	Has legal category	20180731	20991231	
46160942	35626992	Has disc indicator	20180731	20991231	
46160942	37310856	Has AMP restr ind	20200309	20991231	
46160942	46102795	Is a	20150131	20991231	
46160944	4294612	Has disp dose form	20180731	20991231	
46160944	35608652	Is a	20180731	20991231	
46160944	35626950	Has excipient	20180731	20991231	
46160944	35626973	VMP has prescr stat	20180731	20991231	
46160944	35626980	Has non-avail ind	20180731	20991231	
46160944	35626986	Has legal category	20180731	20991231	
46160944	35626992	Has disc indicator	20180731	20991231	
46160944	37207390	Has CD category	20190731	20991231	
46160944	37310856	Has AMP restr ind	20200309	20991231	
46160944	46023463	Has AMP	20150131	20991231	
46160944	46085797	Is a	20150131	20991231	
46160949	4297957	Has disp dose form	20180731	20991231	
46160949	35607932	Has non-avail ind	20180731	20991231	
46160949	35608652	Is a	20180731	20991231	
46160949	35626950	Has excipient	20180731	20991231	
46160949	35626973	VMP has prescr stat	20180731	20991231	
46160949	35626986	Has legal category	20180731	20991231	
46160949	35626992	Has disc indicator	20180731	20991231	
46160949	37309763	Paral imprt ind	20200309	20991231	
46160949	37310856	Has AMP restr ind	20200309	20991231	
46160949	46016149	Has AMP	20150131	20991231	
46160949	46094874	Is a	20150131	20991231	
46160950	4179018	Has spec active ing	20180731	20991231	
46160950	4221092	Has spec active ing	20180731	20991231	
46160950	4229130	Has spec active ing	20180731	20991231	
46160950	35607932	Has non-avail ind	20180731	20991231	
46160950	35608652	Is a	20180731	20991231	
46160950	35626950	Has excipient	20180731	20991231	
46160950	35626973	VMP has prescr stat	20180731	20991231	
46160950	35626987	Has legal category	20180731	20991231	
46160950	35626992	Has disc indicator	20180731	20991231	
46160950	37207390	Has CD category	20190731	20991231	
46160950	37309763	Paral imprt ind	20200309	20991231	
46160950	37309772	Has free indicator	20200309	20991231	
46160950	37310856	Has AMP restr ind	20200309	20991231	
46160950	45987996	Has AMP	20150131	20991231	
46160950	46100774	Is a	20150131	20991231	
46160953	4235311	Has spec active ing	20180731	20991231	
46160953	4297957	Has disp dose form	20180731	20991231	
46160953	35607932	Has non-avail ind	20180731	20991231	
46160953	35608652	Is a	20180731	20991231	
46160953	35626950	Has excipient	20180731	20991231	
46160953	35626973	VMP has prescr stat	20180731	20991231	
46160953	35626987	Has legal category	20180731	20991231	
46160953	35626992	Has disc indicator	20180731	20991231	
46160953	37207390	Has CD category	20190731	20991231	
46160953	37309763	Paral imprt ind	20200309	20991231	
46160953	37310856	Has AMP restr ind	20200309	20991231	
46160955	4298913	Has spec active ing	20180731	20991231	
46160955	35607932	Has non-avail ind	20180731	20991231	
46160955	35608652	Is a	20180731	20991231	
46160955	35626950	Has excipient	20180731	20991231	
46160955	35626986	Has legal category	20180731	20991231	
46160955	35626992	Has disc indicator	20180731	20991231	
46160955	37207387	Has CD category	20190731	20991231	
46160955	37209282	VMP has prescr stat	20190731	20991231	
46160955	37309763	Paral imprt ind	20200309	20991231	
46160955	37310856	Has AMP restr ind	20200309	20991231	
46160955	46009774	Has AMP	20150131	20991231	
46160958	4298913	Has spec active ing	20180731	20991231	
46160958	35607932	Has non-avail ind	20180731	20991231	
46160958	35608652	Is a	20180731	20991231	
46160958	35626950	Has excipient	20180731	20991231	
46160958	35626986	Has legal category	20180731	20991231	
46160958	35626992	Has disc indicator	20180731	20991231	
46160958	37207387	Has CD category	20190731	20991231	
46160958	37209282	VMP has prescr stat	20190731	20991231	
46160958	37309763	Paral imprt ind	20200309	20991231	
46160958	37310856	Has AMP restr ind	20200309	20991231	
46160958	46009776	Has AMP	20150131	20991231	
46160958	46085789	Is a	20150131	20991231	
46160959	4298913	Has spec active ing	20180731	20991231	
46160959	35607932	Has non-avail ind	20180731	20991231	
46160959	35608652	Is a	20180731	20991231	
46160959	35626950	Has excipient	20180731	20991231	
46160959	35626986	Has legal category	20180731	20991231	
46160959	35626992	Has disc indicator	20180731	20991231	
46160959	37207387	Has CD category	20190731	20991231	
46160959	37209282	VMP has prescr stat	20190731	20991231	
46160959	37309763	Paral imprt ind	20200309	20991231	
46160959	37310856	Has AMP restr ind	20200309	20991231	
46160959	46009776	Has AMP	20150131	20991231	
46160959	46085788	Is a	20150131	20991231	
46160963	35608652	Is a	20180731	20991231	
46160963	35626950	Has excipient	20180731	20991231	
46160963	35626973	VMP has prescr stat	20180731	20991231	
46160963	35626986	Has legal category	20180731	20991231	
46160963	35626993	Has disc indicator	20180731	20991231	
46160963	37310858	Has AMP restr ind	20200309	20991231	
46160966	4294612	Has disp dose form	20180731	20991231	
46160966	4297676	Has spec active ing	20180731	20991231	
46160966	35607932	Has non-avail ind	20180731	20991231	
46160966	35608652	Is a	20180731	20991231	
46160966	35626950	Has excipient	20180731	20991231	
46160966	35626973	VMP has prescr stat	20180731	20991231	
46160966	35626986	Has legal category	20180731	20991231	
46160966	35626992	Has disc indicator	20180731	20991231	
46160966	37207390	Has CD category	20190731	20991231	
46160966	37310856	Has AMP restr ind	20200309	20991231	
46160967	4298770	Has disp dose form	20180731	20991231	
46160967	35607932	Has non-avail ind	20180731	20991231	
46160967	35608652	Is a	20180731	20991231	
46160967	35626950	Has excipient	20180731	20991231	
46160967	35626973	VMP has prescr stat	20180731	20991231	
46160967	35626986	Has legal category	20180731	20991231	
46160967	35626992	Has disc indicator	20180731	20991231	
46160967	37207390	Has CD category	20190731	20991231	
46160967	37310856	Has AMP restr ind	20200309	20991231	
46160967	46023477	Has AMP	20150131	20991231	
46160970	4294612	Has disp dose form	20180731	20991231	
46160970	35607932	Has non-avail ind	20180731	20991231	
46160970	35608652	Is a	20180731	20991231	
46160970	35626950	Has excipient	20180731	20991231	
46160970	35626973	VMP has prescr stat	20180731	20991231	
46160970	35626986	Has legal category	20180731	20991231	
46160970	35626992	Has disc indicator	20180731	20991231	
46160970	37207390	Has CD category	20190731	20991231	
46160970	37310856	Has AMP restr ind	20200309	20991231	
46160970	46103156	Is a	20150131	20991231	
46160973	4294612	Has disp dose form	20180731	20991231	
46160973	35607932	Has non-avail ind	20180731	20991231	
46160973	35608652	Is a	20180731	20991231	
46160973	35626950	Has excipient	20180731	20991231	
46160973	35626973	VMP has prescr stat	20180731	20991231	
46160973	35626986	Has legal category	20180731	20991231	
46160973	35626992	Has disc indicator	20180731	20991231	
46160973	37207390	Has CD category	20190731	20991231	
46160973	37310856	Has AMP restr ind	20200309	20991231	
46160973	46023483	Has AMP	20150131	20991231	
46160973	46103153	Is a	20150131	20991231	
46160978	4134341	Has spec active ing	20180731	20991231	
46160978	4297957	Has disp dose form	20180731	20991231	
46160978	35607932	Has non-avail ind	20180731	20991231	
46160978	35608652	Is a	20180731	20991231	
46160978	35626950	Has excipient	20180731	20991231	
46160978	35626973	VMP has prescr stat	20180731	20991231	
46160978	35626985	Has legal category	20180731	20991231	
46160978	35626992	Has disc indicator	20180731	20991231	
46160978	37207390	Has CD category	20190731	20991231	
46160978	37310858	Has AMP restr ind	20200309	20991231	
46160978	46023488	Has AMP	20150131	20991231	
46160979	4134341	Has spec active ing	20180731	20991231	
46160979	4297957	Has disp dose form	20180731	20991231	
46160979	35607932	Has non-avail ind	20180731	20991231	
46160979	35608652	Is a	20180731	20991231	
46160979	35626950	Has excipient	20180731	20991231	
46160979	35626973	VMP has prescr stat	20180731	20991231	
46160979	35626985	Has legal category	20180731	20991231	
46160979	35626993	Has disc indicator	20180731	20991231	
46160979	37207390	Has CD category	20190731	20991231	
46160979	37310858	Has AMP restr ind	20200309	20991231	
46160979	46023488	Has AMP	20150131	20991231	
46160979	46098991	Is a	20150131	20991231	
46160982	4134341	Has spec active ing	20180731	20991231	
46160982	4297957	Has disp dose form	20180731	20991231	
46160982	35607932	Has non-avail ind	20180731	20991231	
46160982	35608652	Is a	20180731	20991231	
46160982	35626950	Has excipient	20180731	20991231	
46160982	35626973	VMP has prescr stat	20180731	20991231	
46160982	35626985	Has legal category	20180731	20991231	
46160982	35626993	Has disc indicator	20180731	20991231	
46160982	37207390	Has CD category	20190731	20991231	
46160982	37310858	Has AMP restr ind	20200309	20991231	
46160982	46023489	Has AMP	20150131	20991231	
46160982	46099001	Is a	20150131	20991231	
46160984	4031610	Has spec active ing	20180731	20991231	
46160984	4298770	Has disp dose form	20180731	20991231	
46160984	35607932	Has non-avail ind	20180731	20991231	
46160984	35608652	Is a	20180731	20991231	
46160984	35626950	Has excipient	20180731	20991231	
46160984	35626973	VMP has prescr stat	20180731	20991231	
46160984	35626986	Has legal category	20180731	20991231	
46160984	35626993	Has disc indicator	20180731	20991231	
46160984	37310858	Has AMP restr ind	20200309	20991231	
46160984	46085785	Is a	20150131	20991231	
46160985	4031610	Has spec active ing	20180731	20991231	
46160985	4298770	Has disp dose form	20180731	20991231	
46160985	35607932	Has non-avail ind	20180731	20991231	
46160985	35608652	Is a	20180731	20991231	
46160985	35626950	Has excipient	20180731	20991231	
46160985	35626973	VMP has prescr stat	20180731	20991231	
46160985	35626986	Has legal category	20180731	20991231	
46160985	35626993	Has disc indicator	20180731	20991231	
46160985	37310858	Has AMP restr ind	20200309	20991231	
46160985	46085784	Is a	20150131	20991231	
46160989	35607932	Has non-avail ind	20180731	20991231	
46160989	35608652	Is a	20180731	20991231	
46160989	35626950	Has excipient	20180731	20991231	
46160989	35626975	VMP has prescr stat	20180731	20991231	
46160989	35626985	Has legal category	20180731	20991231	
46160989	35626993	Has disc indicator	20180731	20991231	
46160989	37207390	Has CD category	20190731	20991231	
46160989	37310858	Has AMP restr ind	20200309	20991231	
46160989	45956741	Has disp dose form	20180731	20991231	
46160989	46023493	Has AMP	20150131	20991231	
46160989	46101951	Is a	20150131	20991231	
46160991	35607932	Has non-avail ind	20180731	20991231	
46160991	35608652	Is a	20180731	20991231	
46160991	35626950	Has excipient	20180731	20991231	
46160991	35626975	VMP has prescr stat	20180731	20991231	
46160991	35626985	Has legal category	20180731	20991231	
46160991	35626993	Has disc indicator	20180731	20991231	
46160991	37207390	Has CD category	20190731	20991231	
46160991	37310858	Has AMP restr ind	20200309	20991231	
46160991	45956741	Has disp dose form	20180731	20991231	
46160991	46023493	Has AMP	20150131	20991231	
46160998	35607932	Has non-avail ind	20180731	20991231	
46160998	35608652	Is a	20180731	20991231	
46160998	35626950	Has excipient	20180731	20991231	
46160998	35626975	VMP has prescr stat	20180731	20991231	
46160998	35626985	Has legal category	20180731	20991231	
46160998	35626993	Has disc indicator	20180731	20991231	
46160998	37207390	Has CD category	20190731	20991231	
46160998	37310858	Has AMP restr ind	20200309	20991231	
46160998	45956741	Has disp dose form	20180731	20991231	
46160998	46023496	Has AMP	20150131	20991231	
46160998	46101951	Is a	20150131	20991231	
46161002	35607932	Has non-avail ind	20180731	20991231	
46161002	35608652	Is a	20180731	20991231	
46161002	35626950	Has excipient	20180731	20991231	
46161002	35626975	VMP has prescr stat	20180731	20991231	
46161002	35626985	Has legal category	20180731	20991231	
46161002	35626993	Has disc indicator	20180731	20991231	
46161002	37207390	Has CD category	20190731	20991231	
46161002	37310858	Has AMP restr ind	20200309	20991231	
46161002	45956741	Has disp dose form	20180731	20991231	
46161002	46101950	Is a	20150131	20991231	
46161008	35607932	Has non-avail ind	20180731	20991231	
46161008	35608652	Is a	20180731	20991231	
46161008	35626950	Has excipient	20180731	20991231	
46161008	35626975	VMP has prescr stat	20180731	20991231	
46161008	35626985	Has legal category	20180731	20991231	
46161008	35626993	Has disc indicator	20180731	20991231	
46161008	37207390	Has CD category	20190731	20991231	
46161008	37310858	Has AMP restr ind	20200309	20991231	
46161008	45956741	Has disp dose form	20180731	20991231	
46161008	46101950	Is a	20150131	20991231	
46161012	35607932	Has non-avail ind	20180731	20991231	
46161012	35608652	Is a	20180731	20991231	
46161012	35626950	Has excipient	20180731	20991231	
46161012	35626975	VMP has prescr stat	20180731	20991231	
46161012	35626985	Has legal category	20180731	20991231	
46161012	35626993	Has disc indicator	20180731	20991231	
46161012	37207390	Has CD category	20190731	20991231	
46161012	37310858	Has AMP restr ind	20200309	20991231	
46161012	45956741	Has disp dose form	20180731	20991231	
46161012	46023500	Has AMP	20150131	20991231	
46161013	35607932	Has non-avail ind	20180731	20991231	
46161013	35608652	Is a	20180731	20991231	
46161013	35626950	Has excipient	20180731	20991231	
46161013	35626975	VMP has prescr stat	20180731	20991231	
46161013	35626985	Has legal category	20180731	20991231	
46161013	35626993	Has disc indicator	20180731	20991231	
46161013	37207390	Has CD category	20190731	20991231	
46161013	37310858	Has AMP restr ind	20200309	20991231	
46161013	45956741	Has disp dose form	20180731	20991231	
46161013	46101951	Is a	20150131	20991231	
46161014	35607932	Has non-avail ind	20180731	20991231	
46161014	35608652	Is a	20180731	20991231	
46161014	35626950	Has excipient	20180731	20991231	
46161014	35626975	VMP has prescr stat	20180731	20991231	
46161014	35626985	Has legal category	20180731	20991231	
46161014	35626993	Has disc indicator	20180731	20991231	
46161014	37207390	Has CD category	20190731	20991231	
46161014	37310858	Has AMP restr ind	20200309	20991231	
46161014	45956741	Has disp dose form	20180731	20991231	
46161014	46101950	Is a	20150131	20991231	
46161017	35607932	Has non-avail ind	20180731	20991231	
46161017	35608652	Is a	20180731	20991231	
46161017	35626950	Has excipient	20180731	20991231	
46161017	35626975	VMP has prescr stat	20180731	20991231	
46161017	35626985	Has legal category	20180731	20991231	
46161017	35626993	Has disc indicator	20180731	20991231	
46161017	37207390	Has CD category	20190731	20991231	
46161017	37310858	Has AMP restr ind	20200309	20991231	
46161017	45956741	Has disp dose form	20180731	20991231	
46161017	46101950	Is a	20150131	20991231	
46161019	35607932	Has non-avail ind	20180731	20991231	
46161019	35608652	Is a	20180731	20991231	
46161019	35626950	Has excipient	20180731	20991231	
46161019	35626975	VMP has prescr stat	20180731	20991231	
46161019	35626985	Has legal category	20180731	20991231	
46161019	35626993	Has disc indicator	20180731	20991231	
46161019	37207390	Has CD category	20190731	20991231	
46161019	37310858	Has AMP restr ind	20200309	20991231	
46161019	45956741	Has disp dose form	20180731	20991231	
46161019	46023503	Has AMP	20150131	20991231	
46161019	46101951	Is a	20150131	20991231	
46161021	35607932	Has non-avail ind	20180731	20991231	
46161021	35608652	Is a	20180731	20991231	
46161021	35626950	Has excipient	20180731	20991231	
46161021	35626975	VMP has prescr stat	20180731	20991231	
46161021	35626985	Has legal category	20180731	20991231	
46161021	35626993	Has disc indicator	20180731	20991231	
46161021	37207390	Has CD category	20190731	20991231	
46161021	37310858	Has AMP restr ind	20200309	20991231	
46161021	45956741	Has disp dose form	20180731	20991231	
46161021	46023503	Has AMP	20150131	20991231	
46161022	35607932	Has non-avail ind	20180731	20991231	
46161022	35608652	Is a	20180731	20991231	
46161022	35626950	Has excipient	20180731	20991231	
46161022	35626975	VMP has prescr stat	20180731	20991231	
46161022	35626985	Has legal category	20180731	20991231	
46161022	35626993	Has disc indicator	20180731	20991231	
46161022	37207390	Has CD category	20190731	20991231	
46161022	37310858	Has AMP restr ind	20200309	20991231	
46161022	45956741	Has disp dose form	20180731	20991231	
46161022	46023504	Has AMP	20150131	20991231	
46161022	46101951	Is a	20150131	20991231	
46161023	35607932	Has non-avail ind	20180731	20991231	
46161023	35608652	Is a	20180731	20991231	
46161023	35626950	Has excipient	20180731	20991231	
46161023	35626975	VMP has prescr stat	20180731	20991231	
46161023	35626985	Has legal category	20180731	20991231	
46161023	35626993	Has disc indicator	20180731	20991231	
46161023	37207390	Has CD category	20190731	20991231	
46161023	37310858	Has AMP restr ind	20200309	20991231	
46161023	45956741	Has disp dose form	20180731	20991231	
46161023	46023504	Has AMP	20150131	20991231	
46161023	46101950	Is a	20150131	20991231	
46161025	4031610	Has spec active ing	20180731	20991231	
46161025	35608652	Is a	20180731	20991231	
46161025	35626973	VMP has prescr stat	20180731	20991231	
46161025	35626986	Has legal category	20180731	20991231	
46161025	35626992	Has disc indicator	20180731	20991231	
46161025	37207390	Has CD category	20190731	20991231	
46161025	37309772	Has free indicator	20200309	20991231	
46161025	37310856	Has AMP restr ind	20200309	20991231	
46161025	46023505	Has AMP	20150131	20991231	
46161031	4297957	Has disp dose form	20180731	20991231	
46161031	35607932	Has non-avail ind	20180731	20991231	
46161031	35608652	Is a	20180731	20991231	
46161031	35626950	Has excipient	20180731	20991231	
46161031	35626973	VMP has prescr stat	20180731	20991231	
46161031	35626985	Has legal category	20180731	20991231	
46161031	35626993	Has disc indicator	20180731	20991231	
46161031	37207390	Has CD category	20190731	20991231	
46161031	37310858	Has AMP restr ind	20200309	20991231	
46161031	46023510	Has AMP	20150131	20991231	
46161033	4293454	Has disp dose form	20180731	20991231	
46161033	35608652	Is a	20180731	20991231	
46161033	35626950	Has excipient	20180731	20991231	
46161033	35626973	VMP has prescr stat	20180731	20991231	
46161033	35626980	Has non-avail ind	20180731	20991231	
46161033	35626986	Has legal category	20180731	20991231	
46161033	35626992	Has disc indicator	20180731	20991231	
46161033	37207390	Has CD category	20190731	20991231	
46161033	37310856	Has AMP restr ind	20200309	20991231	
46161033	45976273	Has AMP	20150131	20991231	
46161033	46104526	Is a	20150131	20991231	
46161035	4294612	Has disp dose form	20180731	20991231	
46161035	35607932	Has non-avail ind	20180731	20991231	
46161035	35608652	Is a	20180731	20991231	
46161035	35626950	Has excipient	20180731	20991231	
46161035	35626973	VMP has prescr stat	20180731	20991231	
46161035	35626986	Has legal category	20180731	20991231	
46161035	35626992	Has disc indicator	20180731	20991231	
46161035	37207390	Has CD category	20190731	20991231	
46161035	37310856	Has AMP restr ind	20200309	20991231	
46161035	46023512	Has AMP	20150131	20991231	
46161036	4294612	Has disp dose form	20180731	20991231	
46161036	35607932	Has non-avail ind	20180731	20991231	
46161036	35608652	Is a	20180731	20991231	
46161036	35626950	Has excipient	20180731	20991231	
46161036	35626973	VMP has prescr stat	20180731	20991231	
46161036	35626986	Has legal category	20180731	20991231	
46161036	35626992	Has disc indicator	20180731	20991231	
46161036	37207390	Has CD category	20190731	20991231	
46161036	37310856	Has AMP restr ind	20200309	20991231	
46161036	46103155	Is a	20150131	20991231	
46161037	4294612	Has disp dose form	20180731	20991231	
46161037	35607932	Has non-avail ind	20180731	20991231	
46161037	35608652	Is a	20180731	20991231	
46161037	35626950	Has excipient	20180731	20991231	
46161037	35626973	VMP has prescr stat	20180731	20991231	
46161037	35626986	Has legal category	20180731	20991231	
46161037	35626992	Has disc indicator	20180731	20991231	
46161037	37207390	Has CD category	20190731	20991231	
46161037	37310856	Has AMP restr ind	20200309	20991231	
46161037	46103153	Is a	20150131	20991231	
46161038	4294612	Has disp dose form	20180731	20991231	
46161038	4308520	Has spec active ing	20180731	20991231	
46161038	35607932	Has non-avail ind	20180731	20991231	
46161038	35608652	Is a	20180731	20991231	
46161038	35626950	Has excipient	20180731	20991231	
46161038	35626973	VMP has prescr stat	20180731	20991231	
46161038	35626986	Has legal category	20180731	20991231	
46161038	35626992	Has disc indicator	20180731	20991231	
46161038	37207390	Has CD category	20190731	20991231	
46161038	37310856	Has AMP restr ind	20200309	20991231	
46161038	46023515	Has AMP	20150131	20991231	
46161038	46102751	Is a	20150131	20991231	
46161040	4305105	Has basis str subst	20180731	20991231	
46161040	35607932	Has non-avail ind	20180731	20991231	
46161040	35608111	Has disp dose form	20190131	20991231	
46161040	35608652	Is a	20180731	20991231	
46161040	35626950	Has excipient	20180731	20991231	
46161040	35626973	VMP has prescr stat	20180731	20991231	
46161040	35626986	Has legal category	20180731	20991231	
46161040	35626992	Has disc indicator	20180731	20991231	
46161040	37207390	Has CD category	20190731	20991231	
46161040	37310856	Has AMP restr ind	20200309	20991231	
46161040	46097969	Is a	20150131	20991231	
46161041	4293448	Has disp dose form	20180731	20991231	
46161041	35607932	Has non-avail ind	20180731	20991231	
46161041	35608652	Is a	20180731	20991231	
46161041	35626950	Has excipient	20180731	20991231	
46161041	35626973	VMP has prescr stat	20180731	20991231	
46161041	35626987	Has legal category	20180731	20991231	
46161041	35626993	Has disc indicator	20180731	20991231	
46161041	37310858	Has AMP restr ind	20200309	20991231	
46161041	46002393	Has AMP	20150131	20991231	
46161043	35607932	Has non-avail ind	20180731	20991231	
46161043	35608652	Is a	20180731	20991231	
46161043	35626950	Has excipient	20180731	20991231	
46161043	35626975	VMP has prescr stat	20180731	20991231	
46161043	35626985	Has legal category	20180731	20991231	
46161043	35626992	Has disc indicator	20180731	20991231	
46161043	37207390	Has CD category	20190731	20991231	
46161043	37310856	Has AMP restr ind	20200309	20991231	
46161043	45956741	Has disp dose form	20180731	20991231	
46161043	46023519	Has AMP	20150131	20991231	
46161045	4224882	Has disp dose form	20180731	20991231	
46161045	35607932	Has non-avail ind	20180731	20991231	
46161045	35608652	Is a	20180731	20991231	
46161045	35626950	Has excipient	20180731	20991231	
46161045	35626975	VMP has prescr stat	20180731	20991231	
46161045	35626985	Has legal category	20180731	20991231	
46161045	35626992	Has disc indicator	20180731	20991231	
46161045	37207390	Has CD category	20190731	20991231	
46161045	37310858	Has AMP restr ind	20200309	20991231	
46161045	46023521	Has AMP	20150131	20991231	
46161045	46085773	Is a	20150131	20991231	
46161046	4224882	Has disp dose form	20180731	20991231	
46161046	35607932	Has non-avail ind	20180731	20991231	
46161046	35608652	Is a	20180731	20991231	
46161046	35626950	Has excipient	20180731	20991231	
46161046	35626975	VMP has prescr stat	20180731	20991231	
46161046	35626985	Has legal category	20180731	20991231	
46161046	35626992	Has disc indicator	20180731	20991231	
46161046	37207390	Has CD category	20190731	20991231	
46161046	37310858	Has AMP restr ind	20200309	20991231	
46161046	46023522	Has AMP	20150131	20991231	
46161046	46085773	Is a	20150131	20991231	
46161048	4293448	Has disp dose form	20180731	20991231	
46161048	4299744	Has spec active ing	20180731	20991231	
46161048	35607932	Has non-avail ind	20180731	20991231	
46161048	35608652	Is a	20180731	20991231	
46161048	35626950	Has excipient	20180731	20991231	
46161048	35626973	VMP has prescr stat	20180731	20991231	
46161048	35626986	Has legal category	20180731	20991231	
46161048	35626993	Has disc indicator	20180731	20991231	
46161048	37207390	Has CD category	20190731	20991231	
46161048	37310855	Has AMP restr ind	20200309	20991231	
46161050	4298770	Has disp dose form	20180731	20991231	
46161050	4305086	Has spec active ing	20180731	20991231	
46161050	35607932	Has non-avail ind	20180731	20991231	
46161050	35608652	Is a	20180731	20991231	
46161050	35626973	VMP has prescr stat	20180731	20991231	
46161050	35626986	Has legal category	20180731	20991231	
46161050	35626993	Has disc indicator	20180731	20991231	
46161050	37310858	Has AMP restr ind	20200309	20991231	
46161050	46023526	Has AMP	20150131	20991231	
46161050	46103393	Is a	20150131	20991231	
46161053	35607932	Has non-avail ind	20180731	20991231	
46161053	35626975	VMP has prescr stat	20180731	20991231	
46161053	35626985	Has legal category	20180731	20991231	
46161053	35626993	Has disc indicator	20180731	20991231	
46161053	37207390	Has CD category	20190731	20991231	
46161053	37209199	Is a	20190731	20991231	
46161053	37310858	Has AMP restr ind	20200309	20991231	
46161053	46023530	Has AMP	20150131	20991231	
46161053	46096079	Is a	20150131	20991231	
46161053	46161053	Mapped from	20180731	20991231	
46161053	46161053	Maps to	20180731	20991231	
46161054	35607932	Has non-avail ind	20180731	20991231	
46161054	35626975	VMP has prescr stat	20180731	20991231	
46161054	35626985	Has legal category	20180731	20991231	
46161054	35626993	Has disc indicator	20180731	20991231	
46161054	37207390	Has CD category	20190731	20991231	
46161054	37209199	Is a	20190731	20991231	
46161054	37310858	Has AMP restr ind	20200309	20991231	
46161054	46023531	Has AMP	20150131	20991231	
46161054	46091826	Is a	20150131	20991231	
46161054	46161054	Mapped from	20180731	20991231	
46161054	46161054	Maps to	20180731	20991231	
46161055	35607932	Has non-avail ind	20180731	20991231	
46161055	35626975	VMP has prescr stat	20180731	20991231	
46161055	35626985	Has legal category	20180731	20991231	
46161055	35626993	Has disc indicator	20180731	20991231	
46161055	37207390	Has CD category	20190731	20991231	
46161055	37209199	Is a	20190731	20991231	
46161055	37310858	Has AMP restr ind	20200309	20991231	
46161055	46023532	Has AMP	20150131	20991231	
46161055	46091835	Is a	20150131	20991231	
46161055	46161055	Mapped from	20180731	20991231	
46161055	46161055	Maps to	20180731	20991231	
46161056	35607932	Has non-avail ind	20180731	20991231	
46161056	35626975	VMP has prescr stat	20180731	20991231	
46161056	35626985	Has legal category	20180731	20991231	
46161056	35626993	Has disc indicator	20180731	20991231	
46161056	37207390	Has CD category	20190731	20991231	
46161056	37209199	Is a	20190731	20991231	
46161056	37310858	Has AMP restr ind	20200309	20991231	
46161056	46023533	Has AMP	20150131	20991231	
46161056	46091835	Is a	20150131	20991231	
46161056	46161056	Mapped from	20180731	20991231	
46161056	46161056	Maps to	20180731	20991231	
46161057	35607932	Has non-avail ind	20180731	20991231	
46161057	35626975	VMP has prescr stat	20180731	20991231	
46161057	35626985	Has legal category	20180731	20991231	
46161057	35626993	Has disc indicator	20180731	20991231	
46161057	37207390	Has CD category	20190731	20991231	
46161057	37209199	Is a	20190731	20991231	
46161057	37310858	Has AMP restr ind	20200309	20991231	
46161057	46023534	Has AMP	20150131	20991231	
46161057	46091835	Is a	20150131	20991231	
46161057	46161057	Mapped from	20180731	20991231	
46161057	46161057	Maps to	20180731	20991231	
46161060	35607932	Has non-avail ind	20180731	20991231	
46161060	35626975	VMP has prescr stat	20180731	20991231	
46161060	35626985	Has legal category	20180731	20991231	
46161060	35626993	Has disc indicator	20180731	20991231	
46161060	37207390	Has CD category	20190731	20991231	
46161060	37209199	Is a	20190731	20991231	
46161060	37310858	Has AMP restr ind	20200309	20991231	
46161060	46091835	Is a	20150131	20991231	
46161060	46161060	Mapped from	20180731	20991231	
46161060	46161060	Maps to	20180731	20991231	
46161061	35607932	Has non-avail ind	20180731	20991231	
46161061	35626975	VMP has prescr stat	20180731	20991231	
46161061	35626985	Has legal category	20180731	20991231	
46161061	35626993	Has disc indicator	20180731	20991231	
46161061	37207390	Has CD category	20190731	20991231	
46161061	37209199	Is a	20190731	20991231	
46161061	37310858	Has AMP restr ind	20200309	20991231	
46161061	46023538	Has AMP	20150131	20991231	
46161061	46091835	Is a	20150131	20991231	
46161061	46161061	Mapped from	20180731	20991231	
46161061	46161061	Maps to	20180731	20991231	
46161062	35607932	Has non-avail ind	20180731	20991231	
46161062	35626975	VMP has prescr stat	20180731	20991231	
46161062	35626985	Has legal category	20180731	20991231	
46161062	35626992	Has disc indicator	20180731	20991231	
46161062	37207390	Has CD category	20190731	20991231	
46161062	37209199	Is a	20190731	20991231	
46161062	37310856	Has AMP restr ind	20200309	20991231	
46161062	46091835	Is a	20150131	20991231	
46161062	46161062	Mapped from	20180731	20991231	
46161062	46161062	Maps to	20180731	20991231	
46161064	35607932	Has non-avail ind	20180731	20991231	
46161064	35626975	VMP has prescr stat	20180731	20991231	
46161064	35626985	Has legal category	20180731	20991231	
46161064	35626993	Has disc indicator	20180731	20991231	
46161064	37207390	Has CD category	20190731	20991231	
46161064	37209199	Is a	20190731	20991231	
46161064	37310858	Has AMP restr ind	20200309	20991231	
46161064	46023541	Has AMP	20150131	20991231	
46161064	46091835	Is a	20150131	20991231	
46161064	46161064	Mapped from	20180731	20991231	
46161064	46161064	Maps to	20180731	20991231	
46161066	35607932	Has non-avail ind	20180731	20991231	
46161066	35626975	VMP has prescr stat	20180731	20991231	
46161066	35626985	Has legal category	20180731	20991231	
46161066	35626993	Has disc indicator	20180731	20991231	
46161066	37207390	Has CD category	20190731	20991231	
46161066	37209199	Is a	20190731	20991231	
46161066	37310858	Has AMP restr ind	20200309	20991231	
46161066	46091835	Is a	20150131	20991231	
46161066	46161066	Mapped from	20180731	20991231	
46161066	46161066	Maps to	20180731	20991231	
46161070	35607932	Has non-avail ind	20180731	20991231	
46161070	35626975	VMP has prescr stat	20180731	20991231	
46161070	35626985	Has legal category	20180731	20991231	
46161070	35626992	Has disc indicator	20180731	20991231	
46161070	37207390	Has CD category	20190731	20991231	
46161070	37209199	Is a	20190731	20991231	
46161070	37310856	Has AMP restr ind	20200309	20991231	
46161070	46091835	Is a	20150131	20991231	
46161070	46161070	Mapped from	20180731	20991231	
46161070	46161070	Maps to	20180731	20991231	
46161071	35607932	Has non-avail ind	20180731	20991231	
46161071	35626975	VMP has prescr stat	20180731	20991231	
46161071	35626985	Has legal category	20180731	20991231	
46161071	35626993	Has disc indicator	20180731	20991231	
46161071	37207390	Has CD category	20190731	20991231	
46161071	37209199	Is a	20190731	20991231	
46161071	37310858	Has AMP restr ind	20200309	20991231	
46161071	46023548	Has AMP	20150131	20991231	
46161071	46091835	Is a	20150131	20991231	
46161071	46161071	Mapped from	20180731	20991231	
46161071	46161071	Maps to	20180731	20991231	
46161073	35607932	Has non-avail ind	20180731	20991231	
46161073	35626975	VMP has prescr stat	20180731	20991231	
46161073	35626985	Has legal category	20180731	20991231	
46161073	35626993	Has disc indicator	20180731	20991231	
46161073	37207390	Has CD category	20190731	20991231	
46161073	37209199	Is a	20190731	20991231	
46161073	37310858	Has AMP restr ind	20200309	20991231	
46161073	46023550	Has AMP	20150131	20991231	
46161073	46091835	Is a	20150131	20991231	
46161073	46161073	Mapped from	20180731	20991231	
46161073	46161073	Maps to	20180731	20991231	
46161074	35607932	Has non-avail ind	20180731	20991231	
46161074	35626975	VMP has prescr stat	20180731	20991231	
46161074	35626985	Has legal category	20180731	20991231	
46161074	35626993	Has disc indicator	20180731	20991231	
46161074	37207390	Has CD category	20190731	20991231	
46161074	37209199	Is a	20190731	20991231	
46161074	37310858	Has AMP restr ind	20200309	20991231	
46161074	46023551	Has AMP	20150131	20991231	
46161074	46091835	Is a	20150131	20991231	
46161074	46161074	Mapped from	20180731	20991231	
46161074	46161074	Maps to	20180731	20991231	
46161079	35607932	Has non-avail ind	20180731	20991231	
46161079	35626975	VMP has prescr stat	20180731	20991231	
46161079	35626985	Has legal category	20180731	20991231	
46161079	35626993	Has disc indicator	20180731	20991231	
46161079	37207390	Has CD category	20190731	20991231	
46161079	37209199	Is a	20190731	20991231	
46161079	37310858	Has AMP restr ind	20200309	20991231	
46161079	46023556	Has AMP	20150131	20991231	
46161079	46091835	Is a	20150131	20991231	
46161079	46161079	Mapped from	20180731	20991231	
46161079	46161079	Maps to	20180731	20991231	
46161083	35607932	Has non-avail ind	20180731	20991231	
46161083	35626975	VMP has prescr stat	20180731	20991231	
46161083	35626985	Has legal category	20180731	20991231	
46161083	35626993	Has disc indicator	20180731	20991231	
46161083	37207390	Has CD category	20190731	20991231	
46161083	37209199	Is a	20190731	20991231	
46161083	37310858	Has AMP restr ind	20200309	20991231	
46161083	46023560	Has AMP	20150131	20991231	
46161083	46091835	Is a	20150131	20991231	
46161083	46161083	Mapped from	20180731	20991231	
46161083	46161083	Maps to	20180731	20991231	
46161084	35607932	Has non-avail ind	20180731	20991231	
46161084	35626975	VMP has prescr stat	20180731	20991231	
46161084	35626985	Has legal category	20180731	20991231	
46161084	35626993	Has disc indicator	20180731	20991231	
46161084	37207390	Has CD category	20190731	20991231	
46161084	37209199	Is a	20190731	20991231	
46161084	37310858	Has AMP restr ind	20200309	20991231	
46161084	46091835	Is a	20150131	20991231	
46161084	46161084	Mapped from	20180731	20991231	
46161084	46161084	Maps to	20180731	20991231	
46161087	35607932	Has non-avail ind	20180731	20991231	
46161087	35626975	VMP has prescr stat	20180731	20991231	
46161087	35626985	Has legal category	20180731	20991231	
46161087	35626993	Has disc indicator	20180731	20991231	
46161087	37207390	Has CD category	20190731	20991231	
46161087	37209199	Is a	20190731	20991231	
46161087	37310858	Has AMP restr ind	20200309	20991231	
46161087	46091835	Is a	20150131	20991231	
46161087	46161087	Mapped from	20180731	20991231	
46161087	46161087	Maps to	20180731	20991231	
46161088	35607932	Has non-avail ind	20180731	20991231	
46161088	35626975	VMP has prescr stat	20180731	20991231	
46161088	35626985	Has legal category	20180731	20991231	
46161088	35626993	Has disc indicator	20180731	20991231	
46161088	37207390	Has CD category	20190731	20991231	
46161088	37209199	Is a	20190731	20991231	
46161088	37310858	Has AMP restr ind	20200309	20991231	
46161088	46091835	Is a	20150131	20991231	
46161088	46161088	Mapped from	20180731	20991231	
46161088	46161088	Maps to	20180731	20991231	
46161089	35607932	Has non-avail ind	20180731	20991231	
46161089	35626975	VMP has prescr stat	20180731	20991231	
46161089	35626985	Has legal category	20180731	20991231	
46161089	35626993	Has disc indicator	20180731	20991231	
46161089	37207390	Has CD category	20190731	20991231	
46161089	37209199	Is a	20190731	20991231	
46161089	37310858	Has AMP restr ind	20200309	20991231	
46161089	46023566	Has AMP	20150131	20991231	
46161089	46091835	Is a	20150131	20991231	
46161089	46161089	Mapped from	20180731	20991231	
46161089	46161089	Maps to	20180731	20991231	
46161090	35607932	Has non-avail ind	20180731	20991231	
46161090	35626975	VMP has prescr stat	20180731	20991231	
46161090	35626985	Has legal category	20180731	20991231	
46161090	35626993	Has disc indicator	20180731	20991231	
46161090	37207390	Has CD category	20190731	20991231	
46161090	37209199	Is a	20190731	20991231	
46161090	37310858	Has AMP restr ind	20200309	20991231	
46161090	46023567	Has AMP	20150131	20991231	
46161090	46091835	Is a	20150131	20991231	
46161090	46161090	Mapped from	20180731	20991231	
46161090	46161090	Maps to	20180731	20991231	
46161092	35607932	Has non-avail ind	20180731	20991231	
46161092	35626975	VMP has prescr stat	20180731	20991231	
46161092	35626985	Has legal category	20180731	20991231	
46161092	35626993	Has disc indicator	20180731	20991231	
46161092	37207390	Has CD category	20190731	20991231	
46161092	37209199	Is a	20190731	20991231	
46161092	37310858	Has AMP restr ind	20200309	20991231	
46161092	46091835	Is a	20150131	20991231	
46161092	46161092	Mapped from	20180731	20991231	
46161092	46161092	Maps to	20180731	20991231	
46161093	35607932	Has non-avail ind	20180731	20991231	
46161093	35626975	VMP has prescr stat	20180731	20991231	
46161093	35626985	Has legal category	20180731	20991231	
46161093	35626993	Has disc indicator	20180731	20991231	
46161093	37207390	Has CD category	20190731	20991231	
46161093	37209199	Is a	20190731	20991231	
46161093	37310858	Has AMP restr ind	20200309	20991231	
46161093	46091835	Is a	20150131	20991231	
46161093	46161093	Mapped from	20180731	20991231	
46161093	46161093	Maps to	20180731	20991231	
46161097	35607932	Has non-avail ind	20180731	20991231	
46161097	35626975	VMP has prescr stat	20180731	20991231	
46161097	35626985	Has legal category	20180731	20991231	
46161097	35626993	Has disc indicator	20180731	20991231	
46161097	37207390	Has CD category	20190731	20991231	
46161097	37209199	Is a	20190731	20991231	
46161097	37310858	Has AMP restr ind	20200309	20991231	
46161097	46091835	Is a	20150131	20991231	
46161097	46161097	Mapped from	20180731	20991231	
46161097	46161097	Maps to	20180731	20991231	
46161098	35607932	Has non-avail ind	20180731	20991231	
46161098	35626975	VMP has prescr stat	20180731	20991231	
46161098	35626985	Has legal category	20180731	20991231	
46161098	35626993	Has disc indicator	20180731	20991231	
46161098	37207390	Has CD category	20190731	20991231	
46161098	37209199	Is a	20190731	20991231	
46161098	37310858	Has AMP restr ind	20200309	20991231	
46161098	46023575	Has AMP	20150131	20991231	
46161098	46091835	Is a	20150131	20991231	
46161098	46161098	Mapped from	20180731	20991231	
46161098	46161098	Maps to	20180731	20991231	
46161099	35607932	Has non-avail ind	20180731	20991231	
46161099	35626975	VMP has prescr stat	20180731	20991231	
46161099	35626985	Has legal category	20180731	20991231	
46161099	35626993	Has disc indicator	20180731	20991231	
46161099	37207390	Has CD category	20190731	20991231	
46161099	37209199	Is a	20190731	20991231	
46161099	37310858	Has AMP restr ind	20200309	20991231	
46161099	46023576	Has AMP	20150131	20991231	
46161099	46091835	Is a	20150131	20991231	
46161099	46161099	Mapped from	20180731	20991231	
46161099	46161099	Maps to	20180731	20991231	
46161100	35607932	Has non-avail ind	20180731	20991231	
46161100	35626975	VMP has prescr stat	20180731	20991231	
46161100	35626985	Has legal category	20180731	20991231	
46161100	35626993	Has disc indicator	20180731	20991231	
46161100	37207390	Has CD category	20190731	20991231	
46161100	37209199	Is a	20190731	20991231	
46161100	37310858	Has AMP restr ind	20200309	20991231	
46161100	46091835	Is a	20150131	20991231	
46161100	46161100	Mapped from	20180731	20991231	
46161100	46161100	Maps to	20180731	20991231	
46161101	35607932	Has non-avail ind	20180731	20991231	
46161101	35626975	VMP has prescr stat	20180731	20991231	
46161101	35626985	Has legal category	20180731	20991231	
46161101	35626993	Has disc indicator	20180731	20991231	
46161101	37207390	Has CD category	20190731	20991231	
46161101	37209199	Is a	20190731	20991231	
46161101	37310858	Has AMP restr ind	20200309	20991231	
46161101	46023578	Has AMP	20150131	20991231	
46161101	46091835	Is a	20150131	20991231	
46161101	46161101	Mapped from	20180731	20991231	
46161101	46161101	Maps to	20180731	20991231	
46161102	35607932	Has non-avail ind	20180731	20991231	
46161102	35626975	VMP has prescr stat	20180731	20991231	
46161102	35626985	Has legal category	20180731	20991231	
46161102	35626993	Has disc indicator	20180731	20991231	
46161102	37207390	Has CD category	20190731	20991231	
46161102	37209199	Is a	20190731	20991231	
46161102	37310858	Has AMP restr ind	20200309	20991231	
46161102	46091835	Is a	20150131	20991231	
46161102	46161102	Mapped from	20180731	20991231	
46161102	46161102	Maps to	20180731	20991231	
46161103	35607932	Has non-avail ind	20180731	20991231	
46161103	35626975	VMP has prescr stat	20180731	20991231	
46161103	35626985	Has legal category	20180731	20991231	
46161103	35626993	Has disc indicator	20180731	20991231	
46161103	37207390	Has CD category	20190731	20991231	
46161103	37209199	Is a	20190731	20991231	
46161103	37310858	Has AMP restr ind	20200309	20991231	
46161103	46023580	Has AMP	20150131	20991231	
46161103	46091835	Is a	20150131	20991231	
46161103	46161103	Mapped from	20180731	20991231	
46161103	46161103	Maps to	20180731	20991231	
46161104	35607932	Has non-avail ind	20180731	20991231	
46161104	35626975	VMP has prescr stat	20180731	20991231	
46161104	35626985	Has legal category	20180731	20991231	
46161104	35626993	Has disc indicator	20180731	20991231	
46161104	37207390	Has CD category	20190731	20991231	
46161104	37209199	Is a	20190731	20991231	
46161104	37310858	Has AMP restr ind	20200309	20991231	
46161104	46091835	Is a	20150131	20991231	
46161104	46161104	Mapped from	20180731	20991231	
46161104	46161104	Maps to	20180731	20991231	
46161110	35607932	Has non-avail ind	20180731	20991231	
46161110	35626975	VMP has prescr stat	20180731	20991231	
46161110	35626985	Has legal category	20180731	20991231	
46161110	35626993	Has disc indicator	20180731	20991231	
46161110	37207390	Has CD category	20190731	20991231	
46161110	37209199	Is a	20190731	20991231	
46161110	37310858	Has AMP restr ind	20200309	20991231	
46161110	46023587	Has AMP	20150131	20991231	
46161110	46091835	Is a	20150131	20991231	
46161110	46161110	Mapped from	20180731	20991231	
46161110	46161110	Maps to	20180731	20991231	
46161111	35607932	Has non-avail ind	20180731	20991231	
46161111	35626975	VMP has prescr stat	20180731	20991231	
46161111	35626985	Has legal category	20180731	20991231	
46161111	35626993	Has disc indicator	20180731	20991231	
46161111	37207390	Has CD category	20190731	20991231	
46161111	37209199	Is a	20190731	20991231	
46161111	37310858	Has AMP restr ind	20200309	20991231	
46161111	46023588	Has AMP	20150131	20991231	
46161111	46091835	Is a	20150131	20991231	
46161111	46161111	Mapped from	20180731	20991231	
46161111	46161111	Maps to	20180731	20991231	
46161114	35607932	Has non-avail ind	20180731	20991231	
46161114	35626975	VMP has prescr stat	20180731	20991231	
46161114	35626985	Has legal category	20180731	20991231	
46161114	35626993	Has disc indicator	20180731	20991231	
46161114	37207390	Has CD category	20190731	20991231	
46161114	37209199	Is a	20190731	20991231	
46161114	37310858	Has AMP restr ind	20200309	20991231	
46161114	46023591	Has AMP	20150131	20991231	
46161114	46091835	Is a	20150131	20991231	
46161114	46161114	Mapped from	20180731	20991231	
46161114	46161114	Maps to	20180731	20991231	
46161120	35607932	Has non-avail ind	20180731	20991231	
46161120	35626975	VMP has prescr stat	20180731	20991231	
46161120	35626985	Has legal category	20180731	20991231	
46161120	35626993	Has disc indicator	20180731	20991231	
46161120	37207390	Has CD category	20190731	20991231	
46161120	37209199	Is a	20190731	20991231	
46161120	37310858	Has AMP restr ind	20200309	20991231	
46161120	46091835	Is a	20150131	20991231	
46161120	46161120	Mapped from	20180731	20991231	
46161120	46161120	Maps to	20180731	20991231	
46161123	35607932	Has non-avail ind	20180731	20991231	
46161123	35626975	VMP has prescr stat	20180731	20991231	
46161123	35626985	Has legal category	20180731	20991231	
46161123	35626993	Has disc indicator	20180731	20991231	
46161123	37207390	Has CD category	20190731	20991231	
46161123	37209199	Is a	20190731	20991231	
46161123	37310858	Has AMP restr ind	20200309	20991231	
46161123	46023599	Has AMP	20150131	20991231	
46161123	46091835	Is a	20150131	20991231	
46161123	46161123	Mapped from	20180731	20991231	
46161123	46161123	Maps to	20180731	20991231	
46161124	35607932	Has non-avail ind	20180731	20991231	
46161124	35626975	VMP has prescr stat	20180731	20991231	
46161124	35626985	Has legal category	20180731	20991231	
46161124	35626993	Has disc indicator	20180731	20991231	
46161124	37207390	Has CD category	20190731	20991231	
46161124	37209199	Is a	20190731	20991231	
46161124	37310858	Has AMP restr ind	20200309	20991231	
46161124	46091835	Is a	20150131	20991231	
46161124	46161124	Mapped from	20180731	20991231	
46161124	46161124	Maps to	20180731	20991231	
46161126	35607932	Has non-avail ind	20180731	20991231	
46161126	35626975	VMP has prescr stat	20180731	20991231	
46161126	35626985	Has legal category	20180731	20991231	
46161126	35626993	Has disc indicator	20180731	20991231	
46161126	37207390	Has CD category	20190731	20991231	
46161126	37209199	Is a	20190731	20991231	
46161126	37310858	Has AMP restr ind	20200309	20991231	
46161126	46023602	Has AMP	20150131	20991231	
46161126	46091835	Is a	20150131	20991231	
46161126	46161126	Mapped from	20180731	20991231	
46161126	46161126	Maps to	20180731	20991231	
46161127	35607932	Has non-avail ind	20180731	20991231	
46161127	35626975	VMP has prescr stat	20180731	20991231	
46161127	35626985	Has legal category	20180731	20991231	
46161127	35626993	Has disc indicator	20180731	20991231	
46161127	37207390	Has CD category	20190731	20991231	
46161127	37209199	Is a	20190731	20991231	
46161127	37310858	Has AMP restr ind	20200309	20991231	
46161127	46091835	Is a	20150131	20991231	
46161127	46161127	Mapped from	20180731	20991231	
46161127	46161127	Maps to	20180731	20991231	
46161128	35607932	Has non-avail ind	20180731	20991231	
46161128	35626975	VMP has prescr stat	20180731	20991231	
46161128	35626985	Has legal category	20180731	20991231	
46161128	35626993	Has disc indicator	20180731	20991231	
46161128	37207390	Has CD category	20190731	20991231	
46161128	37209199	Is a	20190731	20991231	
46161128	37310858	Has AMP restr ind	20200309	20991231	
46161128	46023604	Has AMP	20150131	20991231	
46161128	46091835	Is a	20150131	20991231	
46161128	46161128	Mapped from	20180731	20991231	
46161128	46161128	Maps to	20180731	20991231	
46161130	35607932	Has non-avail ind	20180731	20991231	
46161130	35626975	VMP has prescr stat	20180731	20991231	
46161130	35626985	Has legal category	20180731	20991231	
46161130	35626993	Has disc indicator	20180731	20991231	
46161130	37207390	Has CD category	20190731	20991231	
46161130	37209199	Is a	20190731	20991231	
46161130	37310858	Has AMP restr ind	20200309	20991231	
46161130	46161130	Mapped from	20180731	20991231	
46161130	46161130	Maps to	20180731	20991231	
46161132	4298874	Has disp dose form	20180731	20991231	
46161132	35626980	Has non-avail ind	20190131	20991231	
46161132	35626985	Has legal category	20180731	20991231	
46161132	35626992	Has disc indicator	20190131	20991231	
46161132	37207390	Has CD category	20190731	20991231	
46161132	37209199	Is a	20190731	20991231	
46161132	37310856	Has AMP restr ind	20200309	20991231	
46161132	46023606	Has AMP	20150131	20991231	
46161132	46161132	Mapped from	20180731	20991231	
46161132	46161132	Maps to	20180731	20991231	
46161134	4298874	Has disp dose form	20180731	20991231	
46161134	35626980	Has non-avail ind	20190131	20991231	
46161134	35626985	Has legal category	20180731	20991231	
46161134	35626992	Has disc indicator	20190131	20991231	
46161134	37207390	Has CD category	20190731	20991231	
46161134	37209199	Is a	20190731	20991231	
46161134	37310856	Has AMP restr ind	20200309	20991231	
46161134	46023607	Has AMP	20150131	20991231	
46161134	46085763	Is a	20150131	20991231	
46161134	46161134	Mapped from	20180731	20991231	
46161134	46161134	Maps to	20180731	20991231	
46161135	4294757	Has disp dose form	20180731	20991231	
46161135	35607932	Has non-avail ind	20180731	20991231	
46161135	35608652	Is a	20180731	20991231	
46161135	35626950	Has excipient	20180731	20991231	
46161135	35626973	VMP has prescr stat	20180731	20991231	
46161135	35626986	Has legal category	20180731	20991231	
46161135	35626993	Has disc indicator	20180731	20991231	
46161135	37207390	Has CD category	20190731	20991231	
46161135	37310858	Has AMP restr ind	20200309	20991231	
46161139	35607932	Has non-avail ind	20180731	20991231	
46161139	35626975	VMP has prescr stat	20180731	20991231	
46161139	35626985	Has legal category	20180731	20991231	
46161139	35626993	Has disc indicator	20180731	20991231	
46161139	37207390	Has CD category	20190731	20991231	
46161139	37209199	Is a	20190731	20991231	
46161139	37310858	Has AMP restr ind	20200309	20991231	
46161139	46085759	Is a	20150131	20991231	
46161139	46161139	Mapped from	20180731	20991231	
46161139	46161139	Maps to	20180731	20991231	
46161140	35607932	Has non-avail ind	20180731	20991231	
46161140	35626975	VMP has prescr stat	20180731	20991231	
46161140	35626985	Has legal category	20180731	20991231	
46161140	35626993	Has disc indicator	20180731	20991231	
46161140	37207390	Has CD category	20190731	20991231	
46161140	37209199	Is a	20190731	20991231	
46161140	37310858	Has AMP restr ind	20200309	20991231	
46161140	46161140	Mapped from	20180731	20991231	
46161140	46161140	Maps to	20180731	20991231	
46161141	35607932	Has non-avail ind	20180731	20991231	
46161141	35626975	VMP has prescr stat	20180731	20991231	
46161141	35626985	Has legal category	20180731	20991231	
46161141	35626993	Has disc indicator	20180731	20991231	
46161141	37207390	Has CD category	20190731	20991231	
46161141	37209199	Is a	20190731	20991231	
46161141	37310858	Has AMP restr ind	20200309	20991231	
46161141	46161141	Mapped from	20180731	20991231	
46161141	46161141	Maps to	20180731	20991231	
46161143	35607932	Has non-avail ind	20180731	20991231	
46161143	35626975	VMP has prescr stat	20180731	20991231	
46161143	35626985	Has legal category	20180731	20991231	
46161143	35626993	Has disc indicator	20180731	20991231	
46161143	37207390	Has CD category	20190731	20991231	
46161143	37209199	Is a	20190731	20991231	
46161143	37310858	Has AMP restr ind	20200309	20991231	
46161143	46023613	Has AMP	20150131	20991231	
46161143	46092230	Is a	20150131	20991231	
46161143	46161143	Mapped from	20180731	20991231	
46161143	46161143	Maps to	20180731	20991231	
46161144	35607932	Has non-avail ind	20180731	20991231	
46161144	35626975	VMP has prescr stat	20180731	20991231	
46161144	35626985	Has legal category	20180731	20991231	
46161144	35626993	Has disc indicator	20180731	20991231	
46161144	37207390	Has CD category	20190731	20991231	
46161144	37209199	Is a	20190731	20991231	
46161144	37310858	Has AMP restr ind	20200309	20991231	
46161144	46023614	Has AMP	20150131	20991231	
46161144	46161144	Mapped from	20180731	20991231	
46161144	46161144	Maps to	20180731	20991231	
46161146	35607932	Has non-avail ind	20180731	20991231	
46161146	35626975	VMP has prescr stat	20180731	20991231	
46161146	35626985	Has legal category	20180731	20991231	
46161146	35626993	Has disc indicator	20180731	20991231	
46161146	37207390	Has CD category	20190731	20991231	
46161146	37209199	Is a	20190731	20991231	
46161146	37310858	Has AMP restr ind	20200309	20991231	
46161146	46096235	Is a	20150131	20991231	
46161146	46161146	Mapped from	20180731	20991231	
46161146	46161146	Maps to	20180731	20991231	
46161148	35626975	VMP has prescr stat	20180731	20991231	
46161148	35626985	Has legal category	20180731	20991231	
46161148	35626992	Has disc indicator	20180731	20991231	
46161148	37207390	Has CD category	20190731	20991231	
46161148	37209199	Is a	20190731	20991231	
46161148	37310858	Has AMP restr ind	20200309	20991231	
46161148	46023618	Has AMP	20150131	20991231	
46161148	46161148	Mapped from	20180731	20991231	
46161148	46161148	Maps to	20180731	20991231	
46161149	4170744	Has spec active ing	20180731	20991231	
46161149	4293448	Has disp dose form	20180731	20991231	
46161149	35607932	Has non-avail ind	20180731	20991231	
46161149	35608652	Is a	20180731	20991231	
46161149	35626950	Has excipient	20180731	20991231	
46161149	35626973	VMP has prescr stat	20180731	20991231	
46161149	35626986	Has legal category	20180731	20991231	
46161149	35626993	Has disc indicator	20180731	20991231	
46161149	37310855	Has AMP restr ind	20200309	20991231	
46161149	46023619	Has AMP	20150131	20991231	
46161151	4022747	Has spec active ing	20180731	20991231	
46161151	4297957	Has disp dose form	20180731	20991231	
46161151	35607932	Has non-avail ind	20180731	20991231	
46161151	35608652	Is a	20180731	20991231	
46161151	35626950	Has excipient	20180731	20991231	
46161151	35626973	VMP has prescr stat	20180731	20991231	
46161151	35626986	Has legal category	20180731	20991231	
46161151	35626993	Has disc indicator	20180731	20991231	
46161151	37207390	Has CD category	20190731	20991231	
46161151	37310855	Has AMP restr ind	20200309	20991231	
46161151	46085754	Is a	20150131	20991231	
46161152	4305098	Has spec active ing	20180731	20991231	
46161152	35607932	Has non-avail ind	20180731	20991231	
46161152	35608652	Is a	20180731	20991231	
46161152	35626950	Has excipient	20180731	20991231	
46161152	35626973	VMP has prescr stat	20180731	20991231	
46161152	35626986	Has legal category	20180731	20991231	
46161152	35626991	Has disc indicator	20180731	20991231	
46161152	37207390	Has CD category	20190731	20991231	
46161152	37310856	Has AMP restr ind	20200309	20991231	
46161152	37310858	Has AMP restr ind	20200309	20991231	
46161152	45956744	Has disp dose form	20180731	20991231	
46161152	46098478	Is a	20150131	20991231	
46161153	4136200	Has spec active ing	20180731	20991231	
46161153	35607932	Has non-avail ind	20180731	20991231	
46161153	35608652	Is a	20180731	20991231	
46161153	35626950	Has excipient	20180731	20991231	
46161153	35626973	VMP has prescr stat	20180731	20991231	
46161153	35626986	Has legal category	20180731	20991231	
46161153	35626993	Has disc indicator	20180731	20991231	
46161153	37207390	Has CD category	20190731	20991231	
46161153	37310855	Has AMP restr ind	20200309	20991231	
46161153	46085753	Is a	20150131	20991231	
46161154	4301095	Has spec active ing	20180731	20991231	
46161154	35607932	Has non-avail ind	20180731	20991231	
46161154	35608652	Is a	20180731	20991231	
46161154	35626950	Has excipient	20180731	20991231	
46161154	35626973	VMP has prescr stat	20180731	20991231	
46161154	35626986	Has legal category	20180731	20991231	
46161154	35626993	Has disc indicator	20180731	20991231	
46161154	37207390	Has CD category	20190731	20991231	
46161154	37310855	Has AMP restr ind	20200309	20991231	
46161154	46023623	Has AMP	20150131	20991231	
46161154	46085752	Is a	20150131	20991231	
46161155	35607932	Has non-avail ind	20180731	20991231	
46161155	35608652	Is a	20180731	20991231	
46161155	35626950	Has excipient	20180731	20991231	
46161155	35626973	VMP has prescr stat	20180731	20991231	
46161155	35626986	Has legal category	20180731	20991231	
46161155	35626992	Has disc indicator	20180731	20991231	
46161155	37310856	Has AMP restr ind	20200309	20991231	
46161155	46023624	Has AMP	20150131	20991231	
46161158	35607932	Has non-avail ind	20180731	20991231	
46161158	35608652	Is a	20180731	20991231	
46161158	35626950	Has excipient	20180731	20991231	
46161158	35626973	VMP has prescr stat	20180731	20991231	
46161158	35626986	Has legal category	20180731	20991231	
46161158	35626992	Has disc indicator	20180731	20991231	
46161158	37310856	Has AMP restr ind	20200309	20991231	
46161158	46023627	Has AMP	20150131	20991231	
46161158	46101822	Is a	20150131	20991231	
46161159	35607932	Has non-avail ind	20180731	20991231	
46161159	35608652	Is a	20180731	20991231	
46161159	35626950	Has excipient	20180731	20991231	
46161159	35626973	VMP has prescr stat	20180731	20991231	
46161159	35626986	Has legal category	20180731	20991231	
46161159	35626992	Has disc indicator	20180731	20991231	
46161159	37310856	Has AMP restr ind	20200309	20991231	
46161159	46023628	Has AMP	20150131	20991231	
46161159	46101821	Is a	20150131	20991231	
46161161	35608652	Is a	20180731	20991231	
46161161	35626950	Has excipient	20180731	20991231	
46161161	35626975	VMP has prescr stat	20180731	20991231	
46161161	35626980	Has non-avail ind	20180731	20991231	
46161161	35626985	Has legal category	20180731	20991231	
46161161	35626992	Has disc indicator	20180731	20991231	
46161161	37207390	Has CD category	20190731	20991231	
46161161	37309770	Has free indicator	20200309	20991231	
46161161	37309772	Has free indicator	20200309	20991231	
46161161	37310856	Has AMP restr ind	20200309	20991231	
46161165	4298043	Has disp dose form	20180731	20991231	
46161165	35607932	Has non-avail ind	20180731	20991231	
46161165	35608652	Is a	20180731	20991231	
46161165	35626950	Has excipient	20180731	20991231	
46161165	35626973	VMP has prescr stat	20180731	20991231	
46161165	35626986	Has legal category	20180731	20991231	
46161165	35626993	Has disc indicator	20180731	20991231	
46161165	37207390	Has CD category	20190731	20991231	
46161165	37310855	Has AMP restr ind	20200309	20991231	
46161165	45956920	Has spec active ing	20180731	20991231	
46161165	46085746	Is a	20150131	20991231	
46161166	4305875	Has spec active ing	20180731	20991231	
46161166	35607932	Has non-avail ind	20180731	20991231	
46161166	35608652	Is a	20180731	20991231	
46161166	35626950	Has excipient	20180731	20991231	
46161166	35626973	VMP has prescr stat	20180731	20991231	
46161166	35626986	Has legal category	20180731	20991231	
46161166	35626993	Has disc indicator	20180731	20991231	
46161166	37207390	Has CD category	20190731	20991231	
46161166	37310855	Has AMP restr ind	20200309	20991231	
46161166	46023635	Has AMP	20150131	20991231	
46161167	35607932	Has non-avail ind	20180731	20991231	
46161167	35608652	Is a	20180731	20991231	
46161167	35626950	Has excipient	20180731	20991231	
46161167	35626973	VMP has prescr stat	20180731	20991231	
46161167	35626986	Has legal category	20180731	20991231	
46161167	35626993	Has disc indicator	20180731	20991231	
46161167	37207390	Has CD category	20190731	20991231	
46161167	37310855	Has AMP restr ind	20200309	20991231	
46161167	46085744	Is a	20150131	20991231	
46161168	4293448	Has disp dose form	20180731	20991231	
46161168	35607932	Has non-avail ind	20180731	20991231	
46161168	35608652	Is a	20180731	20991231	
46161168	35626950	Has excipient	20180731	20991231	
46161168	35626973	VMP has prescr stat	20180731	20991231	
46161168	35626986	Has legal category	20180731	20991231	
46161168	35626993	Has disc indicator	20180731	20991231	
46161168	37207390	Has CD category	20190731	20991231	
46161168	37310855	Has AMP restr ind	20200309	20991231	
46161168	46085743	Is a	20150131	20991231	
46161169	4294600	Has disp dose form	20180731	20991231	
46161169	35607932	Has non-avail ind	20180731	20991231	
46161169	35608652	Is a	20180731	20991231	
46161169	35626950	Has excipient	20180731	20991231	
46161169	35626973	VMP has prescr stat	20180731	20991231	
46161169	35626986	Has legal category	20180731	20991231	
46161169	35626993	Has disc indicator	20180731	20991231	
46161169	37207390	Has CD category	20190731	20991231	
46161169	37310855	Has AMP restr ind	20200309	20991231	
46161169	46085742	Is a	20150131	20991231	
46161170	4029636	Has spec active ing	20180731	20991231	
46161170	35607932	Has non-avail ind	20180731	20991231	
46161170	35608652	Is a	20180731	20991231	
46161170	35626950	Has excipient	20180731	20991231	
46161170	35626973	VMP has prescr stat	20180731	20991231	
46161170	35626986	Has legal category	20180731	20991231	
46161170	35626993	Has disc indicator	20180731	20991231	
46161170	37207390	Has CD category	20190731	20991231	
46161170	37310855	Has AMP restr ind	20200309	20991231	
46161170	45956741	Has disp dose form	20180731	20991231	
46161170	46023639	Has AMP	20150131	20991231	
46161170	46085741	Is a	20150131	20991231	
46161172	35607932	Has non-avail ind	20180731	20991231	
46161172	35626975	VMP has prescr stat	20180731	20991231	
46161172	35626985	Has legal category	20180731	20991231	
46161172	35626992	Has disc indicator	20180731	20991231	
46161172	37207390	Has CD category	20190731	20991231	
46161172	37209199	Is a	20190731	20991231	
46161172	37310856	Has AMP restr ind	20200309	20991231	
46161172	46096169	Is a	20150131	20991231	
46161172	46161172	Mapped from	20180731	20991231	
46161172	46161172	Maps to	20180731	20991231	
46161173	35607932	Has non-avail ind	20180731	20991231	
46161173	35626975	VMP has prescr stat	20180731	20991231	
46161173	35626985	Has legal category	20180731	20991231	
46161173	35626992	Has disc indicator	20180731	20991231	
46161173	37207390	Has CD category	20190731	20991231	
46161173	37209199	Is a	20190731	20991231	
46161173	37310856	Has AMP restr ind	20200309	20991231	
46161173	46161173	Mapped from	20180731	20991231	
46161173	46161173	Maps to	20180731	20991231	
46161175	4226794	Has disp dose form	20180731	20991231	
46161175	35607932	Has non-avail ind	20180731	20991231	
46161175	35608652	Is a	20180731	20991231	
46161175	35626950	Has excipient	20180731	20991231	
46161175	35626975	VMP has prescr stat	20180731	20991231	
46161175	35626985	Has legal category	20180731	20991231	
46161175	35626993	Has disc indicator	20180731	20991231	
46161175	37207390	Has CD category	20190731	20991231	
46161175	37310858	Has AMP restr ind	20200309	20991231	
46161177	35607932	Has non-avail ind	20180731	20991231	
46161177	35608652	Is a	20180731	20991231	
46161177	35626950	Has excipient	20180731	20991231	
46161177	35626975	VMP has prescr stat	20180731	20991231	
46161177	35626985	Has legal category	20180731	20991231	
46161177	35626993	Has disc indicator	20180731	20991231	
46161177	37207390	Has CD category	20190731	20991231	
46161177	37309770	Has free indicator	20200309	20991231	
46161177	37310858	Has AMP restr ind	20200309	20991231	
46161177	45956741	Has disp dose form	20180731	20991231	
46161177	46023646	Has AMP	20150131	20991231	
46161177	46086778	Is a	20150131	20991231	
46161178	35607932	Has non-avail ind	20180731	20991231	
46161178	35608652	Is a	20180731	20991231	
46161178	35626950	Has excipient	20180731	20991231	
46161178	35626975	VMP has prescr stat	20180731	20991231	
46161178	35626985	Has legal category	20180731	20991231	
46161178	35626993	Has disc indicator	20180731	20991231	
46161178	37207390	Has CD category	20190731	20991231	
46161178	37309770	Has free indicator	20200309	20991231	
46161178	37310858	Has AMP restr ind	20200309	20991231	
46161178	45956741	Has disp dose form	20180731	20991231	
46161178	46023647	Has AMP	20150131	20991231	
46161178	46086778	Is a	20150131	20991231	
46161180	35607932	Has non-avail ind	20180731	20991231	
46161180	35608652	Is a	20180731	20991231	
46161180	35626950	Has excipient	20180731	20991231	
46161180	35626975	VMP has prescr stat	20180731	20991231	
46161180	35626985	Has legal category	20180731	20991231	
46161180	35626993	Has disc indicator	20180731	20991231	
46161180	37207390	Has CD category	20190731	20991231	
46161180	37309770	Has free indicator	20200309	20991231	
46161180	37310858	Has AMP restr ind	20200309	20991231	
46161180	45956741	Has disp dose form	20180731	20991231	
46161180	46023649	Has AMP	20150131	20991231	
46161180	46086778	Is a	20150131	20991231	
46161181	35607932	Has non-avail ind	20180731	20991231	
46161181	35608652	Is a	20180731	20991231	
46161181	35626950	Has excipient	20180731	20991231	
46161181	35626975	VMP has prescr stat	20180731	20991231	
46161181	35626985	Has legal category	20180731	20991231	
46161181	37207390	Has CD category	20190731	20991231	
46161181	37309770	Has free indicator	20200309	20991231	
46161181	37310858	Has AMP restr ind	20200309	20991231	
46161181	45956741	Has disp dose form	20180731	20991231	
46161181	46023650	Has AMP	20150131	20991231	
46161181	46103478	Is a	20150131	20991231	
46161183	4029636	Has excipient	20180731	20991231	
46161183	4163776	Has basis str subst	20180731	20991231	
46161183	35607932	Has non-avail ind	20180731	20991231	
46161183	35608652	Is a	20180731	20991231	
46161183	35626973	VMP has prescr stat	20180731	20991231	
46161183	35626986	Has legal category	20180731	20991231	
46161183	35626992	Has disc indicator	20180731	20991231	
46161183	37310856	Has AMP restr ind	20200309	20991231	
46161183	46023652	Has AMP	20150131	20991231	
46161186	4298043	Has disp dose form	20180731	20991231	
46161186	4305885	Has spec active ing	20180731	20991231	
46161186	35607932	Has non-avail ind	20180731	20991231	
46161186	35608652	Is a	20180731	20991231	
46161186	35626950	Has excipient	20180731	20991231	
46161186	35626973	VMP has prescr stat	20180731	20991231	
46161186	35626987	Has legal category	20180731	20991231	
46161186	35626992	Has disc indicator	20180731	20991231	
46161186	37207390	Has CD category	20190731	20991231	
46161186	37309763	Paral imprt ind	20200309	20991231	
46161186	37310856	Has AMP restr ind	20200309	20991231	
46161186	46023654	Has AMP	20150131	20991231	
46161187	4294756	Has disp dose form	20180731	20991231	
46161187	35607932	Has non-avail ind	20180731	20991231	
46161187	35608652	Is a	20180731	20991231	
46161187	35626950	Has excipient	20180731	20991231	
46161187	35626986	Has legal category	20180731	20991231	
46161187	35626992	Has disc indicator	20180731	20991231	
46161187	37309763	Paral imprt ind	20200309	20991231	
46161187	37310856	Has AMP restr ind	20200309	20991231	
46161189	4294756	Has disp dose form	20180731	20991231	
46161189	35607932	Has non-avail ind	20180731	20991231	
46161189	35608652	Is a	20180731	20991231	
46161189	35626950	Has excipient	20180731	20991231	
46161189	35626986	Has legal category	20180731	20991231	
46161189	35626992	Has disc indicator	20180731	20991231	
46161189	37309763	Paral imprt ind	20200309	20991231	
46161189	37310856	Has AMP restr ind	20200309	20991231	
46161189	46099085	Is a	20150131	20991231	
46161192	4294612	Has disp dose form	20180731	20991231	
46161192	35607932	Has non-avail ind	20180731	20991231	
46161192	35608652	Is a	20180731	20991231	
46161192	35626950	Has excipient	20180731	20991231	
46161192	35626973	VMP has prescr stat	20180731	20991231	
46161192	35626986	Has legal category	20180731	20991231	
46161192	35626992	Has disc indicator	20180731	20991231	
46161192	37207390	Has CD category	20190731	20991231	
46161192	37309763	Paral imprt ind	20200309	20991231	
46161192	37310856	Has AMP restr ind	20200309	20991231	
46161192	40483616	Has spec active ing	20180731	20991231	
46161192	46087024	Is a	20150131	20991231	
46161194	4265648	Has spec active ing	20180731	20991231	
46161194	35607932	Has non-avail ind	20180731	20991231	
46161194	35608652	Is a	20180731	20991231	
46161194	35626950	Has excipient	20180731	20991231	
46161194	35626973	VMP has prescr stat	20180731	20991231	
46161194	35626986	Has legal category	20180731	20991231	
46161194	35626992	Has disc indicator	20180731	20991231	
46161194	37207390	Has CD category	20190731	20991231	
46161194	37309763	Paral imprt ind	20200309	20991231	
46161194	37310856	Has AMP restr ind	20200309	20991231	
46161194	46023662	Has AMP	20150131	20991231	
46161194	46103376	Is a	20150131	20991231	
46161195	4298910	Has spec active ing	20180731	20991231	
46161195	35607932	Has non-avail ind	20180731	20991231	
46161195	35608652	Is a	20180731	20991231	
46161195	35626950	Has excipient	20180731	20991231	
46161195	35626973	VMP has prescr stat	20180731	20991231	
46161195	35626986	Has legal category	20180731	20991231	
46161195	35626992	Has disc indicator	20180731	20991231	
46161195	37207390	Has CD category	20190731	20991231	
46161195	37309763	Paral imprt ind	20200309	20991231	
46161195	37309772	Has free indicator	20200309	20991231	
46161195	37310856	Has AMP restr ind	20200309	20991231	
46161195	40490895	Has disp dose form	20180731	20991231	
46161195	46085736	Is a	20150131	20991231	
46161196	4104649	Has spec active ing	20180731	20991231	
46161196	4298876	Has disp dose form	20180731	20991231	
46161196	35607932	Has non-avail ind	20180731	20991231	
46161196	35608652	Is a	20180731	20991231	
46161196	35626950	Has excipient	20180731	20991231	
46161196	35626973	VMP has prescr stat	20180731	20991231	
46161196	35626986	Has legal category	20180731	20991231	
46161196	35626992	Has disc indicator	20180731	20991231	
46161196	37207390	Has CD category	20190731	20991231	
46161196	37309763	Paral imprt ind	20200309	20991231	
46161196	37310856	Has AMP restr ind	20200309	20991231	
46161197	4006129	Has spec active ing	20180731	20991231	
46161197	4149428	Has spec active ing	20180731	20991231	
46161197	4229130	Has spec active ing	20180731	20991231	
46161197	4229621	Has spec active ing	20180731	20991231	
46161197	4248041	Has spec active ing	20180731	20991231	
46161197	4297957	Has disp dose form	20180731	20991231	
46161197	4318661	Has spec active ing	20180731	20991231	
46161197	4332777	Has spec active ing	20180731	20991231	
46161197	35607932	Has non-avail ind	20180731	20991231	
46161197	35608652	Is a	20180731	20991231	
46161197	35626950	Has excipient	20180731	20991231	
46161197	35626975	VMP has prescr stat	20180731	20991231	
46161197	35626988	Has legal category	20180731	20991231	
46161197	35626992	Has disc indicator	20180731	20991231	
46161197	37207390	Has CD category	20190731	20991231	
46161197	37309763	Paral imprt ind	20200309	20991231	
46161197	37310856	Has AMP restr ind	20200309	20991231	
46161197	46008385	Has AMP	20150131	20991231	
46161198	4198462	Has spec active ing	20180731	20991231	
46161198	4223000	Has disp dose form	20200309	20991231	
46161198	35607932	Has non-avail ind	20180731	20991231	
46161198	35608652	Is a	20180731	20991231	
46161198	35626950	Has excipient	20180731	20991231	
46161198	35626973	VMP has prescr stat	20180731	20991231	
46161198	35626986	Has legal category	20180731	20991231	
46161198	35626993	Has disc indicator	20180731	20991231	
46161198	37207390	Has CD category	20190731	20991231	
46161198	37309772	Has free indicator	20200309	20991231	
46161198	37310858	Has AMP restr ind	20200309	20991231	
46161198	46023664	Has AMP	20150131	20991231	
46161198	46085735	Is a	20150131	20991231	
46161204	4294600	Has disp dose form	20180731	20991231	
46161204	35607932	Has non-avail ind	20180731	20991231	
46161204	35608652	Is a	20180731	20991231	
46161204	35626950	Has excipient	20180731	20991231	
46161204	35626973	VMP has prescr stat	20180731	20991231	
46161204	35626986	Has legal category	20180731	20991231	
46161204	35626992	Has disc indicator	20180731	20991231	
46161204	37207390	Has CD category	20190731	20991231	
46161204	37309763	Paral imprt ind	20200309	20991231	
46161204	37310856	Has AMP restr ind	20200309	20991231	
46161204	46103217	Is a	20150131	20991231	
46161205	4224882	Has disp dose form	20180731	20991231	
46161205	35608652	Is a	20180731	20991231	
46161205	35626950	Has excipient	20180731	20991231	
46161205	35626975	VMP has prescr stat	20180731	20991231	
46161205	35626980	Has non-avail ind	20180731	20991231	
46161205	35626985	Has legal category	20180731	20991231	
46161205	35626992	Has disc indicator	20180731	20991231	
46161205	37207390	Has CD category	20190731	20991231	
46161205	37309763	Paral imprt ind	20200309	20991231	
46161205	37309770	Has free indicator	20200309	20991231	
46161205	37310856	Has AMP restr ind	20200309	20991231	
46161205	46103950	Is a	20150131	20991231	
46161209	4285436	Has spec active ing	20180731	20991231	
46161209	35607932	Has non-avail ind	20180731	20991231	
46161209	35608652	Is a	20180731	20991231	
46161209	35626950	Has excipient	20180731	20991231	
46161209	35626973	VMP has prescr stat	20180731	20991231	
46161209	35626986	Has legal category	20180731	20991231	
46161209	35626992	Has disc indicator	20180731	20991231	
46161209	37207390	Has CD category	20190731	20991231	
46161209	37309763	Paral imprt ind	20200309	20991231	
46161209	37310856	Has AMP restr ind	20200309	20991231	
46161209	46023672	Has AMP	20150131	20991231	
46161212	4285436	Has spec active ing	20180731	20991231	
46161212	35607932	Has non-avail ind	20180731	20991231	
46161212	35608652	Is a	20180731	20991231	
46161212	35626950	Has excipient	20180731	20991231	
46161212	35626973	VMP has prescr stat	20180731	20991231	
46161212	35626988	Has legal category	20180731	20991231	
46161212	35626992	Has disc indicator	20180731	20991231	
46161212	37309763	Paral imprt ind	20200309	20991231	
46161212	37310856	Has AMP restr ind	20200309	20991231	
46161212	46023674	Has AMP	20150131	20991231	
46161212	46104229	Is a	20150131	20991231	
46161213	4285436	Has spec active ing	20180731	20991231	
46161213	35607932	Has non-avail ind	20180731	20991231	
46161213	35608652	Is a	20180731	20991231	
46161213	35626950	Has excipient	20180731	20991231	
46161213	35626973	VMP has prescr stat	20180731	20991231	
46161213	35626988	Has legal category	20180731	20991231	
46161213	35626992	Has disc indicator	20180731	20991231	
46161213	37207390	Has CD category	20190731	20991231	
46161213	37309763	Paral imprt ind	20200309	20991231	
46161213	37310856	Has AMP restr ind	20200309	20991231	
46161213	46023675	Has AMP	20150131	20991231	
46161213	46104232	Is a	20150131	20991231	
46161215	35607932	Has non-avail ind	20180731	20991231	
46161215	35608652	Is a	20180731	20991231	
46161215	35626950	Has excipient	20180731	20991231	
46161215	35626973	VMP has prescr stat	20180731	20991231	
46161215	35626986	Has legal category	20180731	20991231	
46161215	35626992	Has disc indicator	20200309	20991231	
46161215	37310856	Has AMP restr ind	20200309	20991231	
46161218	4294600	Has disp dose form	20180731	20991231	
46161218	4306040	Has spec active ing	20180731	20991231	
46161218	35607932	Has non-avail ind	20180731	20991231	
46161218	35608652	Is a	20180731	20991231	
46161218	35626973	VMP has prescr stat	20180731	20991231	
46161218	35626988	Has legal category	20180731	20991231	
46161218	35626993	Has disc indicator	20180731	20991231	
46161218	37309772	Has free indicator	20200401	20991231	
46161218	37310858	Has AMP restr ind	20200309	20991231	
46161219	4029636	Has excipient	20180731	20991231	
46161219	4054720	Has spec active ing	20180731	20991231	
46161219	4054721	Has spec active ing	20180731	20991231	
46161219	4261702	Has excipient	20180731	20991231	
46161219	4293448	Has disp dose form	20180731	20991231	
46161219	35607932	Has non-avail ind	20180731	20991231	
46161219	35608652	Is a	20180731	20991231	
46161219	35626975	VMP has prescr stat	20180731	20991231	
46161219	35626987	Has legal category	20180731	20991231	
46161219	35626992	Has disc indicator	20180731	20991231	
46161219	37109749	Has spec active ing	20180731	20991231	
46161219	37207390	Has CD category	20190731	20991231	
46161219	37310858	Has AMP restr ind	20200309	20991231	
46161220	4170744	Has spec active ing	20180731	20991231	
46161220	4298770	Has disp dose form	20180731	20991231	
46161220	35607932	Has non-avail ind	20180731	20991231	
46161220	35608652	Is a	20180731	20991231	
46161220	35626950	Has excipient	20180731	20991231	
46161220	35626986	Has legal category	20180731	20991231	
46161220	35626992	Has disc indicator	20180731	20991231	
46161220	37209282	VMP has prescr stat	20190731	20991231	
46161220	37309763	Paral imprt ind	20200309	20991231	
46161220	37310856	Has AMP restr ind	20200309	20991231	
46161220	46085737	Is a	20150131	20991231	
46161221	4170744	Has spec active ing	20180731	20991231	
46161221	4298770	Has disp dose form	20180731	20991231	
46161221	35607932	Has non-avail ind	20180731	20991231	
46161221	35608652	Is a	20180731	20991231	
46161221	35626950	Has excipient	20180731	20991231	
46161221	35626986	Has legal category	20180731	20991231	
46161221	35626992	Has disc indicator	20180731	20991231	
46161221	37209282	VMP has prescr stat	20190731	20991231	
46161221	37309763	Paral imprt ind	20200309	20991231	
46161221	37310856	Has AMP restr ind	20200309	20991231	
46161224	4294600	Has disp dose form	20180731	20991231	
46161224	35607932	Has non-avail ind	20180731	20991231	
46161224	35608652	Is a	20180731	20991231	
46161224	35626950	Has excipient	20180731	20991231	
46161224	35626973	VMP has prescr stat	20180731	20991231	
46161224	35626986	Has legal category	20180731	20991231	
46161224	35626993	Has disc indicator	20180731	20991231	
46161224	37111162	Has spec active ing	20180731	20991231	
46161224	37207390	Has CD category	20190731	20991231	
46161224	37310855	Has AMP restr ind	20200309	20991231	
46161224	46023684	Has AMP	20150131	20991231	
46161225	4294756	Has disp dose form	20180731	20991231	
46161225	35608652	Is a	20180731	20991231	
46161225	35626950	Has excipient	20180731	20991231	
46161225	35626973	VMP has prescr stat	20180731	20991231	
46161225	35626980	Has non-avail ind	20180731	20991231	
46161225	35626986	Has legal category	20180731	20991231	
46161225	35626992	Has disc indicator	20180731	20991231	
46161225	37207390	Has CD category	20190731	20991231	
46161225	37310856	Has AMP restr ind	20200309	20991231	
46161227	4294754	Has disp dose form	20180731	20991231	
46161227	4300008	Has spec active ing	20180731	20991231	
46161227	35607932	Has non-avail ind	20180731	20991231	
46161227	35608652	Is a	20180731	20991231	
46161227	35626950	Has excipient	20180731	20991231	
46161227	35626986	Has legal category	20180731	20991231	
46161227	35626993	Has disc indicator	20180731	20991231	
46161227	37207390	Has CD category	20190731	20991231	
46161227	37310858	Has AMP restr ind	20200309	20991231	
46161227	46023687	Has AMP	20150131	20991231	
46161228	4294754	Has disp dose form	20180731	20991231	
46161228	4300008	Has spec active ing	20180731	20991231	
46161228	35607932	Has non-avail ind	20180731	20991231	
46161228	35608652	Is a	20180731	20991231	
46161228	35626950	Has excipient	20180731	20991231	
46161228	35626986	Has legal category	20180731	20991231	
46161228	35626993	Has disc indicator	20180731	20991231	
46161228	37207390	Has CD category	20190731	20991231	
46161228	37310858	Has AMP restr ind	20200309	20991231	
46161228	46023688	Has AMP	20150131	20991231	
46161228	46085723	Is a	20150131	20991231	
46161230	35607932	Has non-avail ind	20180731	20991231	
46161230	35608652	Is a	20180731	20991231	
46161230	35626950	Has excipient	20180731	20991231	
46161230	35626973	VMP has prescr stat	20180731	20991231	
46161230	35626986	Has legal category	20180731	20991231	
46161230	35626993	Has disc indicator	20180731	20991231	
46161230	37207390	Has CD category	20190731	20991231	
46161230	37310855	Has AMP restr ind	20200309	20991231	
46161233	35607932	Has non-avail ind	20180731	20991231	
46161233	35608652	Is a	20180731	20991231	
46161233	35626950	Has excipient	20180731	20991231	
46161233	35626975	VMP has prescr stat	20180731	20991231	
46161233	35626986	Has legal category	20180731	20991231	
46161233	35626993	Has disc indicator	20180731	20991231	
46161233	37207390	Has CD category	20190731	20991231	
46161233	37310858	Has AMP restr ind	20200309	20991231	
46161233	45956741	Has disp dose form	20180731	20991231	
46161233	46085718	Is a	20150131	20991231	
46161234	4293448	Has disp dose form	20180731	20991231	
46161234	35607932	Has non-avail ind	20180731	20991231	
46161234	35608652	Is a	20180731	20991231	
46161234	35626950	Has excipient	20180731	20991231	
46161234	35626973	VMP has prescr stat	20180731	20991231	
46161234	35626986	Has legal category	20180731	20991231	
46161234	35626993	Has disc indicator	20180731	20991231	
46161234	37310855	Has AMP restr ind	20200309	20991231	
46161234	46023694	Has AMP	20150131	20991231	
46161234	46085717	Is a	20150131	20991231	
46161237	35607932	Has non-avail ind	20180731	20991231	
46161237	35608652	Is a	20180731	20991231	
46161237	35626950	Has excipient	20180731	20991231	
46161237	35626973	VMP has prescr stat	20180731	20991231	
46161237	35626986	Has legal category	20180731	20991231	
46161237	35626993	Has disc indicator	20180731	20991231	
46161237	37207390	Has CD category	20190731	20991231	
46161237	37310855	Has AMP restr ind	20200309	20991231	
46161239	4297957	Has disp dose form	20180731	20991231	
46161239	35607932	Has non-avail ind	20180731	20991231	
46161239	35608652	Is a	20180731	20991231	
46161239	35626950	Has excipient	20180731	20991231	
46161239	35626973	VMP has prescr stat	20180731	20991231	
46161239	35626986	Has legal category	20180731	20991231	
46161239	35626993	Has disc indicator	20180731	20991231	
46161239	37207390	Has CD category	20190731	20991231	
46161239	37310855	Has AMP restr ind	20200309	20991231	
46161240	35607932	Has non-avail ind	20180731	20991231	
46161240	35626975	VMP has prescr stat	20180731	20991231	
46161240	35626985	Has legal category	20180731	20991231	
46161240	35626993	Has disc indicator	20180731	20991231	
46161240	37207390	Has CD category	20190731	20991231	
46161240	37209199	Is a	20190731	20991231	
46161240	37310858	Has AMP restr ind	20200309	20991231	
46161240	46161240	Mapped from	20180731	20991231	
46161240	46161240	Maps to	20180731	20991231	
46161241	4293448	Has disp dose form	20180731	20991231	
46161241	4313692	Has spec active ing	20180731	20991231	
46161241	35607932	Has non-avail ind	20180731	20991231	
46161241	35608652	Is a	20180731	20991231	
46161241	35626950	Has excipient	20180731	20991231	
46161241	35626973	VMP has prescr stat	20180731	20991231	
46161241	35626986	Has legal category	20180731	20991231	
46161241	35626993	Has disc indicator	20180731	20991231	
46161241	37207390	Has CD category	20190731	20991231	
46161241	37310855	Has AMP restr ind	20200309	20991231	
46161241	46085711	Is a	20150131	20991231	
46161243	4294600	Has disp dose form	20180731	20991231	
46161243	4304300	Has spec active ing	20180731	20991231	
46161243	35607932	Has non-avail ind	20180731	20991231	
46161243	35608652	Is a	20180731	20991231	
46161243	35626950	Has excipient	20180731	20991231	
46161243	35626973	VMP has prescr stat	20180731	20991231	
46161243	35626986	Has legal category	20180731	20991231	
46161243	35626993	Has disc indicator	20180731	20991231	
46161243	37207390	Has CD category	20190731	20991231	
46161243	37310855	Has AMP restr ind	20200309	20991231	
46161243	46085709	Is a	20150131	20991231	
46161248	4189428	Has basis str subst	20180731	20991231	
46161248	4293448	Has disp dose form	20180731	20991231	
46161248	35607932	Has non-avail ind	20180731	20991231	
46161248	35608652	Is a	20180731	20991231	
46161248	35626950	Has excipient	20180731	20991231	
46161248	35626973	VMP has prescr stat	20180731	20991231	
46161248	35626986	Has legal category	20180731	20991231	
46161248	35626993	Has disc indicator	20180731	20991231	
46161248	37207390	Has CD category	20190731	20991231	
46161248	37310855	Has AMP restr ind	20200309	20991231	
46161249	4189428	Has basis str subst	20180731	20991231	
46161249	4294600	Has disp dose form	20180731	20991231	
46161249	35607932	Has non-avail ind	20180731	20991231	
46161249	35608652	Is a	20180731	20991231	
46161249	35626950	Has excipient	20180731	20991231	
46161249	35626973	VMP has prescr stat	20180731	20991231	
46161249	35626986	Has legal category	20180731	20991231	
46161249	35626993	Has disc indicator	20180731	20991231	
46161249	37207390	Has CD category	20190731	20991231	
46161249	37310855	Has AMP restr ind	20200309	20991231	
46161249	46085703	Is a	20150131	20991231	
46161252	4273382	Has excipient	20180731	20991231	
46161252	4298876	Has disp dose form	20180731	20991231	
46161252	4299852	Has spec active ing	20180731	20991231	
46161252	35607932	Has non-avail ind	20180731	20991231	
46161252	35608652	Is a	20180731	20991231	
46161252	35626973	VMP has prescr stat	20180731	20991231	
46161252	35626986	Has legal category	20180731	20991231	
46161252	35626992	Has disc indicator	20180731	20991231	
46161252	37207390	Has CD category	20190731	20991231	
46161252	37310856	Has AMP restr ind	20200309	20991231	
46161252	46023712	Has AMP	20150131	20991231	
46161254	4294612	Has disp dose form	20180731	20991231	
46161254	4299887	Has spec active ing	20180731	20991231	
46161254	35607932	Has non-avail ind	20180731	20991231	
46161254	35608652	Is a	20180731	20991231	
46161254	35626973	VMP has prescr stat	20180731	20991231	
46161254	35626986	Has legal category	20180731	20991231	
46161254	37310858	Has AMP restr ind	20200309	20991231	
46161258	4031407	Has spec active ing	20180731	20991231	
46161258	4157767	Has basis str subst	20180731	20991231	
46161258	4294612	Has disp dose form	20180731	20991231	
46161258	35607932	Has non-avail ind	20180731	20991231	
46161258	35608652	Is a	20180731	20991231	
46161258	35626973	VMP has prescr stat	20180731	20991231	
46161258	35626986	Has legal category	20180731	20991231	
46161258	35626992	Has disc indicator	20180731	20991231	
46161258	37207390	Has CD category	20190731	20991231	
46161258	37310856	Has AMP restr ind	20200309	20991231	
46161258	46023718	Has AMP	20150131	20991231	
46161259	4031407	Has spec active ing	20180731	20991231	
46161259	4157767	Has basis str subst	20180731	20991231	
46161259	4294612	Has disp dose form	20180731	20991231	
46161259	35607932	Has non-avail ind	20180731	20991231	
46161259	35608652	Is a	20180731	20991231	
46161259	35626973	VMP has prescr stat	20180731	20991231	
46161259	35626986	Has legal category	20180731	20991231	
46161259	35626992	Has disc indicator	20180731	20991231	
46161259	37207390	Has CD category	20190731	20991231	
46161259	37310856	Has AMP restr ind	20200309	20991231	
46161259	46103199	Is a	20150131	20991231	
46161261	4294612	Has disp dose form	20180731	20991231	
46161261	4299034	Has spec active ing	20180731	20991231	
46161261	35607932	Has non-avail ind	20180731	20991231	
46161261	35608652	Is a	20180731	20991231	
46161261	35626950	Has excipient	20180731	20991231	
46161261	35626973	VMP has prescr stat	20180731	20991231	
46161261	35626986	Has legal category	20180731	20991231	
46161261	37207390	Has CD category	20190731	20991231	
46161261	37310858	Has AMP restr ind	20200309	20991231	
46161261	46103008	Is a	20150131	20991231	
46161262	46023722	Has AMP	20150131	20991231	
46161264	4184144	Has excipient	20180731	20991231	
46161264	4261720	Has excipient	20180731	20991231	
46161264	4298043	Has disp dose form	20180731	20991231	
46161264	35607932	Has non-avail ind	20180731	20991231	
46161264	35608652	Is a	20180731	20991231	
46161264	35626973	VMP has prescr stat	20180731	20991231	
46161264	35626987	Has legal category	20180731	20991231	
46161264	35626991	Has disc indicator	20200401	20991231	
46161264	37207390	Has CD category	20190731	20991231	
46161264	37310856	Has AMP restr ind	20200309	20991231	
46161264	46015718	Has AMP	20150131	20991231	
46161264	46102488	Is a	20150131	20991231	
46161266	4294612	Has disp dose form	20180731	20991231	
46161266	35607932	Has non-avail ind	20180731	20991231	
46161266	35608652	Is a	20180731	20991231	
46161266	35626973	VMP has prescr stat	20180731	20991231	
46161266	35626986	Has legal category	20180731	20991231	
46161266	35626993	Has disc indicator	20180731	20991231	
46161266	37207390	Has CD category	20190731	20991231	
46161266	37310858	Has AMP restr ind	20200309	20991231	
46161269	4294612	Has disp dose form	20180731	20991231	
46161269	35607932	Has non-avail ind	20180731	20991231	
46161269	35608652	Is a	20180731	20991231	
46161269	35626973	VMP has prescr stat	20180731	20991231	
46161269	35626986	Has legal category	20180731	20991231	
46161269	35626993	Has disc indicator	20180731	20991231	
46161269	37207390	Has CD category	20190731	20991231	
46161269	37310858	Has AMP restr ind	20200309	20991231	
46161269	46085694	Is a	20150131	20991231	
46161272	4147465	Has excipient	20190731	20991231	
46161272	4273382	Has spec active ing	20180731	20991231	
46161272	35607932	Has non-avail ind	20180731	20991231	
46161272	35608652	Is a	20180731	20991231	
46161272	35626975	VMP has prescr stat	20180731	20991231	
46161272	35626988	Has legal category	20180731	20991231	
46161272	35626992	Has disc indicator	20180731	20991231	
46161272	35632444	Has disp dose form	20180731	20991231	
46161272	37207390	Has CD category	20190731	20991231	
46161272	37310858	Has AMP restr ind	20200309	20991231	
46161272	40483115	Has excipient	20180731	20991231	
46161272	45956904	Has spec active ing	20180731	20991231	
46161272	45979875	Has AMP	20150131	20991231	
46161273	35607932	Has non-avail ind	20180731	20991231	
46161273	35608652	Is a	20180731	20991231	
46161273	35626950	Has excipient	20180731	20991231	
46161273	35626973	VMP has prescr stat	20180731	20991231	
46161273	35626987	Has legal category	20180731	20991231	
46161273	35626993	Has disc indicator	20180731	20991231	
46161273	37207390	Has CD category	20190731	20991231	
46161273	37310858	Has AMP restr ind	20200309	20991231	
46161274	4294600	Has disp dose form	20180731	20991231	
46161274	35607932	Has non-avail ind	20180731	20991231	
46161274	35608652	Is a	20180731	20991231	
46161274	35626973	VMP has prescr stat	20180731	20991231	
46161274	35626988	Has legal category	20180731	20991231	
46161274	35626992	Has disc indicator	20180731	20991231	
46161274	35626995	Has flavor	20180731	20991231	
46161274	37309772	Has free indicator	20200401	20991231	
46161274	37310856	Has AMP restr ind	20200309	20991231	
46161274	46092630	Is a	20150131	20991231	
46161275	4294600	Has disp dose form	20180731	20991231	
46161275	35607932	Has non-avail ind	20180731	20991231	
46161275	35608652	Is a	20180731	20991231	
46161275	35626973	VMP has prescr stat	20180731	20991231	
46161275	35626988	Has legal category	20180731	20991231	
46161275	35626992	Has disc indicator	20180731	20991231	
46161275	35626995	Has flavor	20180731	20991231	
46161275	37309772	Has free indicator	20200401	20991231	
46161275	37310856	Has AMP restr ind	20200309	20991231	
46161277	4294600	Has disp dose form	20180731	20991231	
46161277	35607932	Has non-avail ind	20180731	20991231	
46161277	35608652	Is a	20180731	20991231	
46161277	35626973	VMP has prescr stat	20180731	20991231	
46161277	35626988	Has legal category	20180731	20991231	
46161277	35626992	Has disc indicator	20180731	20991231	
46161277	35627044	Has flavor	20180731	20991231	
46161277	37309772	Has free indicator	20200401	20991231	
46161277	37310856	Has AMP restr ind	20200309	20991231	
46161279	4142101	Has spec active ing	20180731	20991231	
46161279	4188391	Has basis str subst	20180731	20991231	
46161279	35607932	Has non-avail ind	20180731	20991231	
46161279	35608111	Has disp dose form	20190731	20991231	
46161279	35608652	Is a	20180731	20991231	
46161279	35626950	Has excipient	20180731	20991231	
46161279	35626973	VMP has prescr stat	20180731	20991231	
46161279	35626986	Has legal category	20180731	20991231	
46161279	35626993	Has disc indicator	20180731	20991231	
46161279	37207390	Has CD category	20190731	20991231	
46161279	37310857	Has AMP restr ind	20200309	20991231	
46161279	46098614	Is a	20150131	20991231	
46161280	4142101	Has spec active ing	20180731	20991231	
46161280	4188391	Has basis str subst	20180731	20991231	
46161280	35607932	Has non-avail ind	20180731	20991231	
46161280	35608111	Has disp dose form	20190131	20991231	
46161280	35608652	Is a	20180731	20991231	
46161280	35626950	Has excipient	20180731	20991231	
46161280	35626973	VMP has prescr stat	20180731	20991231	
46161280	35626986	Has legal category	20180731	20991231	
46161280	35626993	Has disc indicator	20180731	20991231	
46161280	37207390	Has CD category	20190731	20991231	
46161280	37310857	Has AMP restr ind	20200309	20991231	
46161281	4293448	Has disp dose form	20180731	20991231	
46161281	35607932	Has non-avail ind	20180731	20991231	
46161281	35608652	Is a	20180731	20991231	
46161281	35626950	Has excipient	20180731	20991231	
46161281	35626973	VMP has prescr stat	20180731	20991231	
46161281	35626986	Has legal category	20180731	20991231	
46161281	35626993	Has disc indicator	20180731	20991231	
46161281	37207390	Has CD category	20190731	20991231	
46161281	37310855	Has AMP restr ind	20200309	20991231	
46161281	46023733	Has AMP	20150131	20991231	
46161282	4294600	Has disp dose form	20180731	20991231	
46161282	35607932	Has non-avail ind	20180731	20991231	
46161282	35608652	Is a	20180731	20991231	
46161282	35626950	Has excipient	20180731	20991231	
46161282	35626973	VMP has prescr stat	20180731	20991231	
46161282	35626986	Has legal category	20180731	20991231	
46161282	35626993	Has disc indicator	20180731	20991231	
46161282	37207390	Has CD category	20190731	20991231	
46161282	37310855	Has AMP restr ind	20200309	20991231	
46161282	46023734	Has AMP	20150131	20991231	
46161282	46085690	Is a	20150131	20991231	
46161283	4136036	Has spec active ing	20180731	20991231	
46161283	4293448	Has disp dose form	20180731	20991231	
46161283	35607932	Has non-avail ind	20180731	20991231	
46161283	35608652	Is a	20180731	20991231	
46161283	35626950	Has excipient	20180731	20991231	
46161283	35626973	VMP has prescr stat	20180731	20991231	
46161283	35626986	Has legal category	20180731	20991231	
46161283	35626993	Has disc indicator	20180731	20991231	
46161283	37207390	Has CD category	20190731	20991231	
46161283	37310855	Has AMP restr ind	20200309	20991231	
46161283	46023735	Has AMP	20150131	20991231	
46161284	4136036	Has spec active ing	20180731	20991231	
46161284	4294600	Has disp dose form	20180731	20991231	
46161284	35607932	Has non-avail ind	20180731	20991231	
46161284	35608652	Is a	20180731	20991231	
46161284	35626950	Has excipient	20180731	20991231	
46161284	35626973	VMP has prescr stat	20180731	20991231	
46161284	35626986	Has legal category	20180731	20991231	
46161284	35626993	Has disc indicator	20180731	20991231	
46161284	37207390	Has CD category	20190731	20991231	
46161284	37310855	Has AMP restr ind	20200309	20991231	
46161284	46023736	Has AMP	20150131	20991231	
46161286	35607932	Has non-avail ind	20180731	20991231	
46161286	35608652	Is a	20180731	20991231	
46161286	35626950	Has excipient	20180731	20991231	
46161286	35626975	VMP has prescr stat	20180731	20991231	
46161286	35626985	Has legal category	20180731	20991231	
46161286	35626993	Has disc indicator	20180731	20991231	
46161286	35632452	Has disp dose form	20180731	20991231	
46161286	37207390	Has CD category	20190731	20991231	
46161286	37309770	Has free indicator	20200309	20991231	
46161286	37310858	Has AMP restr ind	20200309	20991231	
46161286	46023738	Has AMP	20150131	20991231	
46161286	46085687	Is a	20150131	20991231	
46161287	35607932	Has non-avail ind	20180731	20991231	
46161287	35608652	Is a	20180731	20991231	
46161287	35626950	Has excipient	20180731	20991231	
46161287	35626975	VMP has prescr stat	20180731	20991231	
46161287	35626985	Has legal category	20180731	20991231	
46161287	35626993	Has disc indicator	20180731	20991231	
46161287	37207390	Has CD category	20190731	20991231	
46161287	37309770	Has free indicator	20200309	20991231	
46161287	37310858	Has AMP restr ind	20200309	20991231	
46161287	45956741	Has disp dose form	20180731	20991231	
46161288	4293448	Has disp dose form	20180731	20991231	
46161288	35607932	Has non-avail ind	20180731	20991231	
46161288	35608652	Is a	20180731	20991231	
46161288	35626950	Has excipient	20180731	20991231	
46161288	35626973	VMP has prescr stat	20180731	20991231	
46161288	35626986	Has legal category	20180731	20991231	
46161288	35626993	Has disc indicator	20180731	20991231	
46161288	37207390	Has CD category	20190731	20991231	
46161288	37310855	Has AMP restr ind	20200309	20991231	
46161288	46023740	Has AMP	20150131	20991231	
46161290	4294600	Has disp dose form	20180731	20991231	
46161290	4304151	Has spec active ing	20180731	20991231	
46161290	35607932	Has non-avail ind	20180731	20991231	
46161290	35608652	Is a	20180731	20991231	
46161290	35626950	Has excipient	20180731	20991231	
46161290	35626973	VMP has prescr stat	20180731	20991231	
46161290	35626986	Has legal category	20180731	20991231	
46161290	35626993	Has disc indicator	20180731	20991231	
46161290	37207390	Has CD category	20190731	20991231	
46161290	37310855	Has AMP restr ind	20200309	20991231	
46161290	46085684	Is a	20150131	20991231	
46161291	4224882	Has disp dose form	20180731	20991231	
46161291	35608652	Is a	20180731	20991231	
46161291	35626950	Has excipient	20180731	20991231	
46161291	35626973	VMP has prescr stat	20180731	20991231	
46161291	35626980	Has non-avail ind	20190131	20991231	
46161291	35626985	Has legal category	20180731	20991231	
46161291	35626992	Has disc indicator	20190131	20991231	
46161291	37207390	Has CD category	20190731	20991231	
46161291	37310856	Has AMP restr ind	20200309	20991231	
46161291	46085683	Is a	20150131	20991231	
46161292	4293448	Has disp dose form	20180731	20991231	
46161292	4304151	Has spec active ing	20180731	20991231	
46161292	35607932	Has non-avail ind	20180731	20991231	
46161292	35608652	Is a	20180731	20991231	
46161292	35626950	Has excipient	20180731	20991231	
46161292	35626973	VMP has prescr stat	20180731	20991231	
46161292	35626986	Has legal category	20180731	20991231	
46161292	35626993	Has disc indicator	20180731	20991231	
46161292	37207390	Has CD category	20190731	20991231	
46161292	37310855	Has AMP restr ind	20200309	20991231	
46161292	46023744	Has AMP	20150131	20991231	
46161292	46085682	Is a	20150131	20991231	
46161296	4298043	Has disp dose form	20180731	20991231	
46161296	35607932	Has non-avail ind	20180731	20991231	
46161296	35608652	Is a	20180731	20991231	
46161296	35626950	Has excipient	20180731	20991231	
46161296	35626973	VMP has prescr stat	20180731	20991231	
46161296	35626986	Has legal category	20180731	20991231	
46161296	35626993	Has disc indicator	20180731	20991231	
46161296	37207390	Has CD category	20190731	20991231	
46161296	37310855	Has AMP restr ind	20200309	20991231	
46161296	46085679	Is a	20150131	20991231	
46161297	4294600	Has disp dose form	20180731	20991231	
46161297	35607932	Has non-avail ind	20180731	20991231	
46161297	35608652	Is a	20180731	20991231	
46161297	35626950	Has excipient	20180731	20991231	
46161297	35626973	VMP has prescr stat	20180731	20991231	
46161297	35626986	Has legal category	20180731	20991231	
46161297	35626993	Has disc indicator	20180731	20991231	
46161297	37207390	Has CD category	20190731	20991231	
46161297	37310855	Has AMP restr ind	20200309	20991231	
46161297	46085678	Is a	20150131	20991231	
46161298	4294613	Has disp dose form	20180731	20991231	
46161298	4306040	Has spec active ing	20180731	20991231	
46161298	35607932	Has non-avail ind	20180731	20991231	
46161298	35608652	Is a	20180731	20991231	
46161298	35626973	VMP has prescr stat	20180731	20991231	
46161298	35626986	Has legal category	20180731	20991231	
46161298	35626992	Has disc indicator	20190131	20991231	
46161298	37207390	Has CD category	20190731	20991231	
46161298	37310856	Has AMP restr ind	20200309	20991231	
46161299	4294613	Has disp dose form	20180731	20991231	
46161299	4306040	Has spec active ing	20180731	20991231	
46161299	35607932	Has non-avail ind	20180731	20991231	
46161299	35608652	Is a	20180731	20991231	
46161299	35626973	VMP has prescr stat	20180731	20991231	
46161299	35626986	Has legal category	20180731	20991231	
46161299	35626992	Has disc indicator	20190131	20991231	
46161299	37207390	Has CD category	20190731	20991231	
46161299	37310856	Has AMP restr ind	20200309	20991231	
46161299	46103364	Is a	20150131	20991231	
46161301	4297959	Has disp dose form	20180731	20991231	
46161301	35607932	Has non-avail ind	20180731	20991231	
46161301	35608652	Is a	20180731	20991231	
46161301	35626950	Has excipient	20180731	20991231	
46161301	35626973	VMP has prescr stat	20180731	20991231	
46161301	35626986	Has legal category	20180731	20991231	
46161301	35626992	Has disc indicator	20180731	20991231	
46161301	37207390	Has CD category	20190731	20991231	
46161301	37310856	Has AMP restr ind	20200309	20991231	
46161301	46023752	Has AMP	20150131	20991231	
46161301	46103717	Is a	20150131	20991231	
46161303	4297959	Has disp dose form	20180731	20991231	
46161303	35607932	Has non-avail ind	20180731	20991231	
46161303	35608652	Is a	20180731	20991231	
46161303	35626950	Has excipient	20180731	20991231	
46161303	35626973	VMP has prescr stat	20180731	20991231	
46161303	35626986	Has legal category	20180731	20991231	
46161303	35626992	Has disc indicator	20180731	20991231	
46161303	37207390	Has CD category	20190731	20991231	
46161303	37310856	Has AMP restr ind	20200309	20991231	
46161303	46023753	Has AMP	20150131	20991231	
46161310	4297959	Has disp dose form	20180731	20991231	
46161310	35607932	Has non-avail ind	20180731	20991231	
46161310	35608652	Is a	20180731	20991231	
46161310	35626973	VMP has prescr stat	20180731	20991231	
46161310	35626986	Has legal category	20180731	20991231	
46161310	35626993	Has disc indicator	20180731	20991231	
46161310	37207390	Has CD category	20190731	20991231	
46161310	37310858	Has AMP restr ind	20200309	20991231	
46161310	46023760	Has AMP	20150131	20991231	
46161310	46103717	Is a	20150131	20991231	
46161311	4297959	Has disp dose form	20180731	20991231	
46161311	35607932	Has non-avail ind	20180731	20991231	
46161311	35608652	Is a	20180731	20991231	
46161311	35626973	VMP has prescr stat	20180731	20991231	
46161311	35626986	Has legal category	20180731	20991231	
46161311	35626993	Has disc indicator	20180731	20991231	
46161311	37207390	Has CD category	20190731	20991231	
46161311	37310858	Has AMP restr ind	20200309	20991231	
46161311	46023761	Has AMP	20150131	20991231	
46161314	35607932	Has non-avail ind	20180731	20991231	
46161314	35608652	Is a	20180731	20991231	
46161314	35626973	VMP has prescr stat	20180731	20991231	
46161314	35626986	Has legal category	20180731	20991231	
46161314	35626993	Has disc indicator	20180731	20991231	
46161314	37207390	Has CD category	20190731	20991231	
46161314	37310857	Has AMP restr ind	20200309	20991231	
46161314	40480481	Has spec active ing	20180731	20991231	
46161314	45956744	Has disp dose form	20180731	20991231	
46161314	46023764	Has AMP	20150131	20991231	
46161314	46097822	Is a	20150131	20991231	
46161316	35607932	Has non-avail ind	20180731	20991231	
46161316	35608652	Is a	20180731	20991231	
46161316	35626973	VMP has prescr stat	20180731	20991231	
46161316	35626986	Has legal category	20180731	20991231	
46161316	35626993	Has disc indicator	20180731	20991231	
46161316	37207390	Has CD category	20190731	20991231	
46161316	37310857	Has AMP restr ind	20200309	20991231	
46161316	40480481	Has spec active ing	20180731	20991231	
46161316	45956744	Has disp dose form	20180731	20991231	
46161316	46097823	Is a	20150131	20991231	
46161320	4224882	Has disp dose form	20180731	20991231	
46161320	35607932	Has non-avail ind	20180731	20991231	
46161320	35608652	Is a	20180731	20991231	
46161320	35626950	Has excipient	20180731	20991231	
46161320	35626975	VMP has prescr stat	20180731	20991231	
46161320	35626985	Has legal category	20180731	20991231	
46161320	35626993	Has disc indicator	20180731	20991231	
46161320	35627003	Has flavor	20180731	20991231	
46161320	37207390	Has CD category	20190731	20991231	
46161320	37309770	Has free indicator	20200309	20991231	
46161320	37310858	Has AMP restr ind	20200309	20991231	
46161320	46023770	Has AMP	20150131	20991231	
46161321	4224882	Has disp dose form	20180731	20991231	
46161321	35607932	Has non-avail ind	20180731	20991231	
46161321	35608652	Is a	20180731	20991231	
46161321	35626950	Has excipient	20180731	20991231	
46161321	35626975	VMP has prescr stat	20180731	20991231	
46161321	35626985	Has legal category	20180731	20991231	
46161321	35626993	Has disc indicator	20180731	20991231	
46161321	35627003	Has flavor	20180731	20991231	
46161321	37207390	Has CD category	20190731	20991231	
46161321	37309770	Has free indicator	20200309	20991231	
46161321	37310858	Has AMP restr ind	20200309	20991231	
46161321	46023771	Has AMP	20150131	20991231	
46161322	4224882	Has disp dose form	20180731	20991231	
46161322	35607932	Has non-avail ind	20180731	20991231	
46161322	35608516	Has flavor	20180731	20991231	
46161322	35608652	Is a	20180731	20991231	
46161322	35626950	Has excipient	20180731	20991231	
46161322	35626975	VMP has prescr stat	20180731	20991231	
46161322	35626985	Has legal category	20180731	20991231	
46161322	35626993	Has disc indicator	20180731	20991231	
46161322	37207390	Has CD category	20190731	20991231	
46161322	37309770	Has free indicator	20200309	20991231	
46161322	37310858	Has AMP restr ind	20200309	20991231	
46161324	35607932	Has non-avail ind	20180731	20991231	
46161324	35608652	Is a	20180731	20991231	
46161324	35626950	Has excipient	20180731	20991231	
46161324	35626975	VMP has prescr stat	20180731	20991231	
46161324	35626985	Has legal category	20180731	20991231	
46161324	35626993	Has disc indicator	20180731	20991231	
46161324	37207390	Has CD category	20190731	20991231	
46161324	37309770	Has free indicator	20200309	20991231	
46161324	37310858	Has AMP restr ind	20200309	20991231	
46161324	45956741	Has disp dose form	20180731	20991231	
46161324	46023774	Has AMP	20150131	20991231	
46161325	35607932	Has non-avail ind	20180731	20991231	
46161325	35608652	Is a	20180731	20991231	
46161325	35626950	Has excipient	20180731	20991231	
46161325	35626975	VMP has prescr stat	20180731	20991231	
46161325	35626985	Has legal category	20180731	20991231	
46161325	35626993	Has disc indicator	20180731	20991231	
46161325	37207390	Has CD category	20190731	20991231	
46161325	37309770	Has free indicator	20200309	20991231	
46161325	37310858	Has AMP restr ind	20200309	20991231	
46161325	45956741	Has disp dose form	20180731	20991231	
46161325	46023775	Has AMP	20150131	20991231	
46161327	4029636	Has excipient	20180731	20991231	
46161327	4294612	Has disp dose form	20180731	20991231	
46161327	35607932	Has non-avail ind	20180731	20991231	
46161327	35608652	Is a	20180731	20991231	
46161327	35626973	VMP has prescr stat	20180731	20991231	
46161327	35626986	Has legal category	20180731	20991231	
46161327	35626993	Has disc indicator	20180731	20991231	
46161327	37207390	Has CD category	20190731	20991231	
46161327	37310858	Has AMP restr ind	20200309	20991231	
46161327	44783823	Has spec active ing	20180731	20991231	
46161331	35607932	Has non-avail ind	20180731	20991231	
46161331	35626975	VMP has prescr stat	20180731	20991231	
46161331	35626985	Has legal category	20180731	20991231	
46161331	35626991	Has disc indicator	20180731	20991231	
46161331	37207390	Has CD category	20190731	20991231	
46161331	37209199	Is a	20190731	20991231	
46161331	37310858	Has AMP restr ind	20200309	20991231	
46161331	46023781	Has AMP	20150131	20991231	
46161331	46096091	Is a	20150131	20991231	
46161331	46161331	Mapped from	20180731	20991231	
46161331	46161331	Maps to	20180731	20991231	
46161332	35607932	Has non-avail ind	20180731	20991231	
46161332	35626975	VMP has prescr stat	20180731	20991231	
46161332	35626985	Has legal category	20180731	20991231	
46161332	35626992	Has disc indicator	20180731	20991231	
46161332	37207390	Has CD category	20190731	20991231	
46161332	37209199	Is a	20190731	20991231	
46161332	37310856	Has AMP restr ind	20200309	20991231	
46161332	46161332	Mapped from	20180731	20991231	
46161332	46161332	Maps to	20180731	20991231	
46161333	35607932	Has non-avail ind	20180731	20991231	
46161333	35626975	VMP has prescr stat	20180731	20991231	
46161333	35626985	Has legal category	20180731	20991231	
46161333	35626993	Has disc indicator	20180731	20991231	
46161333	37207390	Has CD category	20190731	20991231	
46161333	37209199	Is a	20190731	20991231	
46161333	37310858	Has AMP restr ind	20200309	20991231	
46161333	46161333	Mapped from	20180731	20991231	
46161333	46161333	Maps to	20180731	20991231	
46161337	35607932	Has non-avail ind	20180731	20991231	
46161337	35626975	VMP has prescr stat	20180731	20991231	
46161337	35626985	Has legal category	20180731	20991231	
46161337	35626992	Has disc indicator	20180731	20991231	
46161337	37207390	Has CD category	20190731	20991231	
46161337	37209199	Is a	20190731	20991231	
46161337	37310856	Has AMP restr ind	20200309	20991231	
46161337	46023786	Has AMP	20150131	20991231	
46161337	46096127	Is a	20150131	20991231	
46161337	46161337	Mapped from	20180731	20991231	
46161337	46161337	Maps to	20180731	20991231	
46161338	35607932	Has non-avail ind	20180731	20991231	
46161338	35626975	VMP has prescr stat	20180731	20991231	
46161338	35626985	Has legal category	20180731	20991231	
46161338	35626992	Has disc indicator	20180731	20991231	
46161338	37207390	Has CD category	20190731	20991231	
46161338	37209199	Is a	20190731	20991231	
46161338	37310856	Has AMP restr ind	20200309	20991231	
46161338	46096127	Is a	20150131	20991231	
46161338	46161338	Mapped from	20180731	20991231	
46161338	46161338	Maps to	20180731	20991231	
46161339	35607932	Has non-avail ind	20180731	20991231	
46161339	35626975	VMP has prescr stat	20180731	20991231	
46161339	35626985	Has legal category	20180731	20991231	
46161339	35626992	Has disc indicator	20180731	20991231	
46161339	37207390	Has CD category	20190731	20991231	
46161339	37209199	Is a	20190731	20991231	
46161339	37310856	Has AMP restr ind	20200309	20991231	
46161339	46023789	Has AMP	20150131	20991231	
46161339	46096102	Is a	20150131	20991231	
46161339	46161339	Mapped from	20180731	20991231	
46161339	46161339	Maps to	20180731	20991231	
46161343	35607932	Has non-avail ind	20180731	20991231	
46161343	35626975	VMP has prescr stat	20180731	20991231	
46161343	35626985	Has legal category	20180731	20991231	
46161343	35626993	Has disc indicator	20180731	20991231	
46161343	37207390	Has CD category	20190731	20991231	
46161343	37209199	Is a	20190731	20991231	
46161343	37310858	Has AMP restr ind	20200309	20991231	
46161343	46023793	Has AMP	20150131	20991231	
46161343	46096127	Is a	20150131	20991231	
46161343	46161343	Mapped from	20180731	20991231	
46161343	46161343	Maps to	20180731	20991231	
46161353	35607932	Has non-avail ind	20180731	20991231	
46161353	35626975	VMP has prescr stat	20180731	20991231	
46161353	35626985	Has legal category	20180731	20991231	
46161353	35626993	Has disc indicator	20180731	20991231	
46161353	37207390	Has CD category	20190731	20991231	
46161353	37209199	Is a	20190731	20991231	
46161353	37310858	Has AMP restr ind	20200309	20991231	
46161353	46023798	Has AMP	20150131	20991231	
46161353	46161353	Mapped from	20180731	20991231	
46161353	46161353	Maps to	20180731	20991231	
46161354	35607932	Has non-avail ind	20180731	20991231	
46161354	35626975	VMP has prescr stat	20180731	20991231	
46161354	35626985	Has legal category	20180731	20991231	
46161354	35626993	Has disc indicator	20180731	20991231	
46161354	37207390	Has CD category	20190731	20991231	
46161354	37209199	Is a	20190731	20991231	
46161354	37310858	Has AMP restr ind	20200309	20991231	
46161354	46161354	Mapped from	20180731	20991231	
46161354	46161354	Maps to	20180731	20991231	
46161356	35607932	Has non-avail ind	20180731	20991231	
46161356	35626975	VMP has prescr stat	20180731	20991231	
46161356	35626985	Has legal category	20180731	20991231	
46161356	35626993	Has disc indicator	20180731	20991231	
46161356	37207390	Has CD category	20190731	20991231	
46161356	37209199	Is a	20190731	20991231	
46161356	37310858	Has AMP restr ind	20200309	20991231	
46161356	46103985	Is a	20150131	20991231	
46161356	46161356	Mapped from	20180731	20991231	
46161356	46161356	Maps to	20180731	20991231	
46161358	4294612	Has disp dose form	20180731	20991231	
46161358	4321912	Has spec active ing	20180731	20991231	
46161358	35607932	Has non-avail ind	20180731	20991231	
46161358	35608652	Is a	20180731	20991231	
46161358	35626986	Has legal category	20180731	20991231	
46161358	35626993	Has disc indicator	20180731	20991231	
46161358	37207390	Has CD category	20190731	20991231	
46161358	37310858	Has AMP restr ind	20200309	20991231	
46161358	46023801	Has AMP	20150131	20991231	
46161358	46085660	Is a	20150131	20991231	
46161359	4294612	Has disp dose form	20180731	20991231	
46161359	4321912	Has spec active ing	20180731	20991231	
46161359	35607932	Has non-avail ind	20180731	20991231	
46161359	35608652	Is a	20180731	20991231	
46161359	35626973	VMP has prescr stat	20180731	20991231	
46161359	35626986	Has legal category	20180731	20991231	
46161359	35626993	Has disc indicator	20180731	20991231	
46161359	37207390	Has CD category	20190731	20991231	
46161359	37310858	Has AMP restr ind	20200309	20991231	
46161359	46085659	Is a	20150131	20991231	
46161363	35608652	Is a	20180731	20991231	
46161363	35626975	VMP has prescr stat	20180731	20991231	
46161363	35626986	Has legal category	20180731	20991231	
46161363	37207390	Has CD category	20190731	20991231	
46161363	37310858	Has AMP restr ind	20200309	20991231	
46161363	45956741	Has disp dose form	20180731	20991231	
46161363	46023805	Has AMP	20150131	20991231	
46161363	46085655	Is a	20150131	20991231	
46161364	35607932	Has non-avail ind	20180731	20991231	
46161364	35626975	VMP has prescr stat	20180731	20991231	
46161364	35626985	Has legal category	20180731	20991231	
46161364	35626993	Has disc indicator	20180731	20991231	
46161364	37207390	Has CD category	20190731	20991231	
46161364	37209199	Is a	20190731	20991231	
46161364	37310858	Has AMP restr ind	20200309	20991231	
46161364	46161364	Mapped from	20180731	20991231	
46161364	46161364	Maps to	20180731	20991231	
46161367	35607932	Has non-avail ind	20180731	20991231	
46161367	35626975	VMP has prescr stat	20180731	20991231	
46161367	35626985	Has legal category	20180731	20991231	
46161367	35626993	Has disc indicator	20180731	20991231	
46161367	37207390	Has CD category	20190731	20991231	
46161367	37209199	Is a	20190731	20991231	
46161367	37310858	Has AMP restr ind	20200309	20991231	
46161367	46085654	Is a	20150131	20991231	
46161367	46161367	Mapped from	20180731	20991231	
46161367	46161367	Maps to	20180731	20991231	
46161368	35607932	Has non-avail ind	20180731	20991231	
46161368	35626975	VMP has prescr stat	20180731	20991231	
46161368	35626985	Has legal category	20180731	20991231	
46161368	35626993	Has disc indicator	20180731	20991231	
46161368	37207390	Has CD category	20190731	20991231	
46161368	37209199	Is a	20190731	20991231	
46161368	37310858	Has AMP restr ind	20200309	20991231	
46161368	46006873	Has AMP	20150131	20991231	
46161368	46161368	Mapped from	20180731	20991231	
46161368	46161368	Maps to	20180731	20991231	
46161371	35607932	Has non-avail ind	20180731	20991231	
46161371	35626973	VMP has prescr stat	20180731	20991231	
46161371	35626985	Has legal category	20180731	20991231	
46161371	35626992	Has disc indicator	20180731	20991231	
46161371	37207390	Has CD category	20190731	20991231	
46161371	37209199	Is a	20190731	20991231	
46161371	37310856	Has AMP restr ind	20200309	20991231	
46161371	46023808	Has AMP	20150131	20991231	
46161371	46100142	Is a	20150131	20991231	
46161371	46161371	Mapped from	20180731	20991231	
46161371	46161371	Maps to	20180731	20991231	
46161373	35607932	Has non-avail ind	20180731	20991231	
46161373	35626975	VMP has prescr stat	20180731	20991231	
46161373	35626985	Has legal category	20180731	20991231	
46161373	35626993	Has disc indicator	20180731	20991231	
46161373	37207390	Has CD category	20190731	20991231	
46161373	37209199	Is a	20190731	20991231	
46161373	37310858	Has AMP restr ind	20200309	20991231	
46161373	46096524	Is a	20150131	20991231	
46161373	46161373	Mapped from	20180731	20991231	
46161373	46161373	Maps to	20180731	20991231	
46161374	4305105	Has basis str subst	20180731	20991231	
46161374	35607932	Has non-avail ind	20180731	20991231	
46161374	35608111	Has disp dose form	20190131	20991231	
46161374	35608652	Is a	20180731	20991231	
46161374	35626950	Has excipient	20180731	20991231	
46161374	35626973	VMP has prescr stat	20180731	20991231	
46161374	35626986	Has legal category	20180731	20991231	
46161374	35626993	Has disc indicator	20180731	20991231	
46161374	37207390	Has CD category	20190731	20991231	
46161374	37310857	Has AMP restr ind	20200309	20991231	
46161374	46097937	Is a	20150131	20991231	
46161375	4305105	Has basis str subst	20180731	20991231	
46161375	35607932	Has non-avail ind	20180731	20991231	
46161375	35608111	Has disp dose form	20190131	20991231	
46161375	35608652	Is a	20180731	20991231	
46161375	35626950	Has excipient	20180731	20991231	
46161375	35626973	VMP has prescr stat	20180731	20991231	
46161375	35626986	Has legal category	20180731	20991231	
46161375	35626993	Has disc indicator	20180731	20991231	
46161375	37207390	Has CD category	20190731	20991231	
46161375	37310857	Has AMP restr ind	20200309	20991231	
46161375	46023812	Has AMP	20150131	20991231	
46161375	46097969	Is a	20150131	20991231	
46161377	4294612	Has disp dose form	20180731	20991231	
46161377	35607932	Has non-avail ind	20180731	20991231	
46161377	35608652	Is a	20180731	20991231	
46161377	35626950	Has excipient	20180731	20991231	
46161377	35626973	VMP has prescr stat	20180731	20991231	
46161377	35626986	Has legal category	20180731	20991231	
46161377	35626993	Has disc indicator	20180731	20991231	
46161377	37207390	Has CD category	20190731	20991231	
46161377	37310858	Has AMP restr ind	20200309	20991231	
46161379	4294612	Has disp dose form	20180731	20991231	
46161379	35607932	Has non-avail ind	20180731	20991231	
46161379	35608652	Is a	20180731	20991231	
46161379	35626950	Has excipient	20180731	20991231	
46161379	35626973	VMP has prescr stat	20180731	20991231	
46161379	35626986	Has legal category	20180731	20991231	
46161379	35626993	Has disc indicator	20180731	20991231	
46161379	37207390	Has CD category	20190731	20991231	
46161379	37310858	Has AMP restr ind	20200309	20991231	
46161379	46100421	Is a	20150131	20991231	
46161380	4294612	Has disp dose form	20180731	20991231	
46161380	4299887	Has spec active ing	20180731	20991231	
46161380	35607932	Has non-avail ind	20180731	20991231	
46161380	35608652	Is a	20180731	20991231	
46161380	35626950	Has excipient	20180731	20991231	
46161380	35626973	VMP has prescr stat	20180731	20991231	
46161380	35626986	Has legal category	20180731	20991231	
46161380	35626992	Has disc indicator	20180731	20991231	
46161380	37310858	Has AMP restr ind	20200309	20991231	
46161383	35607932	Has non-avail ind	20180731	20991231	
46161383	35626975	VMP has prescr stat	20180731	20991231	
46161383	35626985	Has legal category	20180731	20991231	
46161383	35626993	Has disc indicator	20180731	20991231	
46161383	37207390	Has CD category	20190731	20991231	
46161383	37209199	Is a	20190731	20991231	
46161383	37310858	Has AMP restr ind	20200309	20991231	
46161383	46161383	Mapped from	20180731	20991231	
46161383	46161383	Maps to	20180731	20991231	
46161384	35607932	Has non-avail ind	20180731	20991231	
46161384	35626975	VMP has prescr stat	20180731	20991231	
46161384	35626985	Has legal category	20180731	20991231	
46161384	35626993	Has disc indicator	20180731	20991231	
46161384	37207390	Has CD category	20190731	20991231	
46161384	37209199	Is a	20190731	20991231	
46161384	37310858	Has AMP restr ind	20200309	20991231	
46161384	46023819	Has AMP	20150131	20991231	
46161384	46161384	Mapped from	20180731	20991231	
46161384	46161384	Maps to	20180731	20991231	
46161385	35607932	Has non-avail ind	20180731	20991231	
46161385	35626975	VMP has prescr stat	20180731	20991231	
46161385	35626985	Has legal category	20180731	20991231	
46161385	35626993	Has disc indicator	20180731	20991231	
46161385	37207390	Has CD category	20190731	20991231	
46161385	37209199	Is a	20190731	20991231	
46161385	37310858	Has AMP restr ind	20200309	20991231	
46161385	46023820	Has AMP	20150131	20991231	
46161385	46161385	Mapped from	20180731	20991231	
46161385	46161385	Maps to	20180731	20991231	
46161386	35607932	Has non-avail ind	20180731	20991231	
46161386	35626975	VMP has prescr stat	20180731	20991231	
46161386	35626985	Has legal category	20180731	20991231	
46161386	35626993	Has disc indicator	20180731	20991231	
46161386	37207390	Has CD category	20190731	20991231	
46161386	37209199	Is a	20190731	20991231	
46161386	37310858	Has AMP restr ind	20200309	20991231	
46161386	46023821	Has AMP	20150131	20991231	
46161386	46161386	Mapped from	20180731	20991231	
46161386	46161386	Maps to	20180731	20991231	
46161387	35607932	Has non-avail ind	20180731	20991231	
46161387	35626975	VMP has prescr stat	20180731	20991231	
46161387	35626985	Has legal category	20180731	20991231	
46161387	35626993	Has disc indicator	20180731	20991231	
46161387	37207390	Has CD category	20190731	20991231	
46161387	37209199	Is a	20190731	20991231	
46161387	37310858	Has AMP restr ind	20200309	20991231	
46161387	46023822	Has AMP	20150131	20991231	
46161387	46161387	Mapped from	20180731	20991231	
46161387	46161387	Maps to	20180731	20991231	
46161388	35607932	Has non-avail ind	20180731	20991231	
46161388	35626975	VMP has prescr stat	20180731	20991231	
46161388	35626985	Has legal category	20180731	20991231	
46161388	35626992	Has disc indicator	20180731	20991231	
46161388	37207390	Has CD category	20190731	20991231	
46161388	37209199	Is a	20190731	20991231	
46161388	37310858	Has AMP restr ind	20200309	20991231	
46161388	46020389	Has AMP	20150131	20991231	
46161388	46161388	Mapped from	20180731	20991231	
46161388	46161388	Maps to	20180731	20991231	
46161389	35607932	Has non-avail ind	20180731	20991231	
46161389	35626975	VMP has prescr stat	20180731	20991231	
46161389	35626985	Has legal category	20180731	20991231	
46161389	35626992	Has disc indicator	20180731	20991231	
46161389	37207390	Has CD category	20190731	20991231	
46161389	37209199	Is a	20190731	20991231	
46161389	37310858	Has AMP restr ind	20200309	20991231	
46161389	46020390	Has AMP	20150131	20991231	
46161389	46085647	Is a	20150131	20991231	
46161389	46161389	Mapped from	20180731	20991231	
46161389	46161389	Maps to	20180731	20991231	
46161392	35607932	Has non-avail ind	20180731	20991231	
46161392	35626975	VMP has prescr stat	20180731	20991231	
46161392	35626985	Has legal category	20180731	20991231	
46161392	35626993	Has disc indicator	20180731	20991231	
46161392	37207390	Has CD category	20190731	20991231	
46161392	37209199	Is a	20190731	20991231	
46161392	37310858	Has AMP restr ind	20200309	20991231	
46161392	46161392	Mapped from	20180731	20991231	
46161392	46161392	Maps to	20180731	20991231	
46161394	35607932	Has non-avail ind	20180731	20991231	
46161394	35626975	VMP has prescr stat	20180731	20991231	
46161394	35626985	Has legal category	20180731	20991231	
46161394	35626992	Has disc indicator	20180731	20991231	
46161394	37207390	Has CD category	20190731	20991231	
46161394	37209199	Is a	20190731	20991231	
46161394	37310858	Has AMP restr ind	20200309	20991231	
46161394	46020394	Has AMP	20150131	20991231	
46161394	46085643	Is a	20150131	20991231	
46161394	46161394	Mapped from	20180731	20991231	
46161394	46161394	Maps to	20180731	20991231	
46161396	35607932	Has non-avail ind	20180731	20991231	
46161396	35626975	VMP has prescr stat	20180731	20991231	
46161396	35626985	Has legal category	20180731	20991231	
46161396	35626992	Has disc indicator	20180731	20991231	
46161396	37207390	Has CD category	20190731	20991231	
46161396	37209199	Is a	20190731	20991231	
46161396	37310858	Has AMP restr ind	20200309	20991231	
46161396	46020400	Has AMP	20150131	20991231	
46161396	46085642	Is a	20150131	20991231	
46161396	46161396	Mapped from	20180731	20991231	
46161396	46161396	Maps to	20180731	20991231	
46161400	35607932	Has non-avail ind	20180731	20991231	
46161400	35626975	VMP has prescr stat	20180731	20991231	
46161400	35626985	Has legal category	20180731	20991231	
46161400	35626992	Has disc indicator	20180731	20991231	
46161400	37207390	Has CD category	20190731	20991231	
46161400	37209199	Is a	20190731	20991231	
46161400	37310858	Has AMP restr ind	20200309	20991231	
46161400	46020404	Has AMP	20150131	20991231	
46161400	46161400	Mapped from	20180731	20991231	
46161400	46161400	Maps to	20180731	20991231	
46161401	35607932	Has non-avail ind	20180731	20991231	
46161401	35626975	VMP has prescr stat	20180731	20991231	
46161401	35626985	Has legal category	20180731	20991231	
46161401	35626993	Has disc indicator	20180731	20991231	
46161401	37207390	Has CD category	20190731	20991231	
46161401	37209199	Is a	20190731	20991231	
46161401	37310858	Has AMP restr ind	20200309	20991231	
46161401	46023825	Has AMP	20150131	20991231	
46161401	46161401	Mapped from	20180731	20991231	
46161401	46161401	Maps to	20180731	20991231	
46161402	35607932	Has non-avail ind	20180731	20991231	
46161402	35626975	VMP has prescr stat	20180731	20991231	
46161402	35626985	Has legal category	20180731	20991231	
46161402	35626992	Has disc indicator	20180731	20991231	
46161402	37207390	Has CD category	20190731	20991231	
46161402	37209199	Is a	20190731	20991231	
46161402	37310858	Has AMP restr ind	20200309	20991231	
46161402	46085640	Is a	20150131	20991231	
46161402	46161402	Mapped from	20180731	20991231	
46161402	46161402	Maps to	20180731	20991231	
46161403	35607932	Has non-avail ind	20180731	20991231	
46161403	35626975	VMP has prescr stat	20180731	20991231	
46161403	35626985	Has legal category	20180731	20991231	
46161403	35626992	Has disc indicator	20180731	20991231	
46161403	37207390	Has CD category	20190731	20991231	
46161403	37209199	Is a	20190731	20991231	
46161403	37310858	Has AMP restr ind	20200309	20991231	
46161403	46020406	Has AMP	20150131	20991231	
46161403	46085647	Is a	20150131	20991231	
46161403	46161403	Mapped from	20180731	20991231	
46161403	46161403	Maps to	20180731	20991231	
46161406	35607932	Has non-avail ind	20180731	20991231	
46161406	35626975	VMP has prescr stat	20180731	20991231	
46161406	35626985	Has legal category	20180731	20991231	
46161406	35626993	Has disc indicator	20180731	20991231	
46161406	37207390	Has CD category	20190731	20991231	
46161406	37209199	Is a	20190731	20991231	
46161406	37310858	Has AMP restr ind	20200309	20991231	
46161406	46023826	Has AMP	20150131	20991231	
46161406	46161406	Mapped from	20180731	20991231	
46161406	46161406	Maps to	20180731	20991231	
46161412	35607932	Has non-avail ind	20180731	20991231	
46161412	35626975	VMP has prescr stat	20180731	20991231	
46161412	35626985	Has legal category	20180731	20991231	
46161412	35626993	Has disc indicator	20180731	20991231	
46161412	37207390	Has CD category	20190731	20991231	
46161412	37209199	Is a	20190731	20991231	
46161412	37310858	Has AMP restr ind	20200309	20991231	
46161412	46161412	Mapped from	20180731	20991231	
46161412	46161412	Maps to	20180731	20991231	
46161414	35607932	Has non-avail ind	20180731	20991231	
46161414	35626975	VMP has prescr stat	20180731	20991231	
46161414	35626985	Has legal category	20180731	20991231	
46161414	35626992	Has disc indicator	20180731	20991231	
46161414	37207390	Has CD category	20190731	20991231	
46161414	37209199	Is a	20190731	20991231	
46161414	37310858	Has AMP restr ind	20200309	20991231	
46161414	46020397	Has AMP	20150131	20991231	
46161414	46161414	Mapped from	20180731	20991231	
46161414	46161414	Maps to	20180731	20991231	
46161415	35607932	Has non-avail ind	20180731	20991231	
46161415	35626975	VMP has prescr stat	20180731	20991231	
46161415	35626985	Has legal category	20180731	20991231	
46161415	35626992	Has disc indicator	20180731	20991231	
46161415	37207390	Has CD category	20190731	20991231	
46161415	37209199	Is a	20190731	20991231	
46161415	37310858	Has AMP restr ind	20200309	20991231	
46161415	46020398	Has AMP	20150131	20991231	
46161415	46161415	Mapped from	20180731	20991231	
46161415	46161415	Maps to	20180731	20991231	
46161416	35607932	Has non-avail ind	20180731	20991231	
46161416	35626975	VMP has prescr stat	20180731	20991231	
46161416	35626985	Has legal category	20180731	20991231	
46161416	35626992	Has disc indicator	20180731	20991231	
46161416	37207390	Has CD category	20190731	20991231	
46161416	37209199	Is a	20190731	20991231	
46161416	37310858	Has AMP restr ind	20200309	20991231	
46161416	46161416	Mapped from	20180731	20991231	
46161416	46161416	Maps to	20180731	20991231	
46161417	35607932	Has non-avail ind	20180731	20991231	
46161417	35626975	VMP has prescr stat	20180731	20991231	
46161417	35626985	Has legal category	20180731	20991231	
46161417	35626993	Has disc indicator	20180731	20991231	
46161417	37207390	Has CD category	20190731	20991231	
46161417	37209199	Is a	20190731	20991231	
46161417	37310858	Has AMP restr ind	20200309	20991231	
46161417	46023830	Has AMP	20150131	20991231	
46161417	46161417	Mapped from	20180731	20991231	
46161417	46161417	Maps to	20180731	20991231	
46161423	4298874	Has disp dose form	20180731	20991231	
46161423	35607932	Has non-avail ind	20180731	20991231	
46161423	35608652	Is a	20180731	20991231	
46161423	35626950	Has excipient	20180731	20991231	
46161423	35626975	VMP has prescr stat	20180731	20991231	
46161423	35626985	Has legal category	20180731	20991231	
46161423	35626993	Has disc indicator	20180731	20991231	
46161423	37207390	Has CD category	20190731	20991231	
46161423	37310858	Has AMP restr ind	20200309	20991231	
46161424	35607932	Has non-avail ind	20180731	20991231	
46161424	35626975	VMP has prescr stat	20180731	20991231	
46161424	35626985	Has legal category	20180731	20991231	
46161424	35626992	Has disc indicator	20180731	20991231	
46161424	37207390	Has CD category	20190731	20991231	
46161424	37209199	Is a	20190731	20991231	
46161424	37310856	Has AMP restr ind	20200309	20991231	
46161424	46023836	Has AMP	20150131	20991231	
46161424	46161424	Mapped from	20180731	20991231	
46161424	46161424	Maps to	20180731	20991231	
46161425	35607932	Has non-avail ind	20180731	20991231	
46161425	35626975	VMP has prescr stat	20180731	20991231	
46161425	35626985	Has legal category	20180731	20991231	
46161425	35626992	Has disc indicator	20180731	20991231	
46161425	37207390	Has CD category	20190731	20991231	
46161425	37209199	Is a	20190731	20991231	
46161425	37310856	Has AMP restr ind	20200309	20991231	
46161425	46023836	Has AMP	20150131	20991231	
46161425	46161425	Mapped from	20180731	20991231	
46161425	46161425	Maps to	20180731	20991231	
46161429	35607932	Has non-avail ind	20180731	20991231	
46161429	35626975	VMP has prescr stat	20180731	20991231	
46161429	35626985	Has legal category	20180731	20991231	
46161429	35626992	Has disc indicator	20180731	20991231	
46161429	37207390	Has CD category	20190731	20991231	
46161429	37209199	Is a	20190731	20991231	
46161429	37310858	Has AMP restr ind	20200309	20991231	
46161429	46023837	Has AMP	20150131	20991231	
46161429	46085634	Is a	20150131	20991231	
46161429	46161429	Mapped from	20180731	20991231	
46161429	46161429	Maps to	20180731	20991231	
46161430	35607932	Has non-avail ind	20180731	20991231	
46161430	35626975	VMP has prescr stat	20180731	20991231	
46161430	35626985	Has legal category	20180731	20991231	
46161430	35626992	Has disc indicator	20180731	20991231	
46161430	37207390	Has CD category	20190731	20991231	
46161430	37209199	Is a	20190731	20991231	
46161430	37310858	Has AMP restr ind	20200309	20991231	
46161430	46023840	Has AMP	20150131	20991231	
46161430	46085634	Is a	20150131	20991231	
46161430	46161430	Mapped from	20180731	20991231	
46161430	46161430	Maps to	20180731	20991231	
46161434	35607932	Has non-avail ind	20180731	20991231	
46161434	35626975	VMP has prescr stat	20180731	20991231	
46161434	35626985	Has legal category	20180731	20991231	
46161434	35626992	Has disc indicator	20180731	20991231	
46161434	37207390	Has CD category	20190731	20991231	
46161434	37209199	Is a	20190731	20991231	
46161434	37310858	Has AMP restr ind	20200309	20991231	
46161434	46023843	Has AMP	20150131	20991231	
46161434	46085634	Is a	20150131	20991231	
46161434	46161434	Mapped from	20180731	20991231	
46161434	46161434	Maps to	20180731	20991231	
46161437	35607932	Has non-avail ind	20180731	20991231	
46161437	35626975	VMP has prescr stat	20180731	20991231	
46161437	35626985	Has legal category	20180731	20991231	
46161437	35626993	Has disc indicator	20180731	20991231	
46161437	37207390	Has CD category	20190731	20991231	
46161437	37209199	Is a	20190731	20991231	
46161437	37310858	Has AMP restr ind	20200309	20991231	
46161437	46023844	Has AMP	20150131	20991231	
46161437	46161437	Mapped from	20180731	20991231	
46161437	46161437	Maps to	20180731	20991231	
46161438	35607932	Has non-avail ind	20180731	20991231	
46161438	35626975	VMP has prescr stat	20180731	20991231	
46161438	35626985	Has legal category	20180731	20991231	
46161438	35626992	Has disc indicator	20180731	20991231	
46161438	37207390	Has CD category	20190731	20991231	
46161438	37209199	Is a	20190731	20991231	
46161438	37310858	Has AMP restr ind	20200309	20991231	
46161438	46023846	Has AMP	20150131	20991231	
46161438	46085634	Is a	20150131	20991231	
46161438	46161438	Mapped from	20180731	20991231	
46161438	46161438	Maps to	20180731	20991231	
46161439	35607932	Has non-avail ind	20180731	20991231	
46161439	35626975	VMP has prescr stat	20180731	20991231	
46161439	35626985	Has legal category	20180731	20991231	
46161439	35626992	Has disc indicator	20180731	20991231	
46161439	37207390	Has CD category	20190731	20991231	
46161439	37209199	Is a	20190731	20991231	
46161439	37310858	Has AMP restr ind	20200309	20991231	
46161439	46023847	Has AMP	20150131	20991231	
46161439	46085634	Is a	20150131	20991231	
46161439	46161439	Mapped from	20180731	20991231	
46161439	46161439	Maps to	20180731	20991231	
46161440	35607932	Has non-avail ind	20180731	20991231	
46161440	35626975	VMP has prescr stat	20180731	20991231	
46161440	35626985	Has legal category	20180731	20991231	
46161440	35626992	Has disc indicator	20180731	20991231	
46161440	37207390	Has CD category	20190731	20991231	
46161440	37209199	Is a	20190731	20991231	
46161440	37310858	Has AMP restr ind	20200309	20991231	
46161440	46085634	Is a	20150131	20991231	
46161440	46161440	Mapped from	20180731	20991231	
46161440	46161440	Maps to	20180731	20991231	
46161443	35607932	Has non-avail ind	20180731	20991231	
46161443	35626975	VMP has prescr stat	20180731	20991231	
46161443	35626985	Has legal category	20180731	20991231	
46161443	35626992	Has disc indicator	20180731	20991231	
46161443	37207390	Has CD category	20190731	20991231	
46161443	37209199	Is a	20190731	20991231	
46161443	37310858	Has AMP restr ind	20200309	20991231	
46161443	46023851	Has AMP	20150131	20991231	
46161443	46085634	Is a	20150131	20991231	
46161443	46161443	Mapped from	20180731	20991231	
46161443	46161443	Maps to	20180731	20991231	
46161444	35607932	Has non-avail ind	20180731	20991231	
46161444	35626975	VMP has prescr stat	20180731	20991231	
46161444	35626985	Has legal category	20180731	20991231	
46161444	35626992	Has disc indicator	20180731	20991231	
46161444	37207390	Has CD category	20190731	20991231	
46161444	37209199	Is a	20190731	20991231	
46161444	37310858	Has AMP restr ind	20200309	20991231	
46161444	46085634	Is a	20150131	20991231	
46161444	46161444	Mapped from	20180731	20991231	
46161444	46161444	Maps to	20180731	20991231	
46161445	35607932	Has non-avail ind	20180731	20991231	
46161445	35626975	VMP has prescr stat	20180731	20991231	
46161445	35626985	Has legal category	20180731	20991231	
46161445	35626992	Has disc indicator	20180731	20991231	
46161445	37207390	Has CD category	20190731	20991231	
46161445	37209199	Is a	20190731	20991231	
46161445	37310858	Has AMP restr ind	20200309	20991231	
46161445	46085634	Is a	20150131	20991231	
46161445	46161445	Mapped from	20180731	20991231	
46161445	46161445	Maps to	20180731	20991231	
46161447	35607932	Has non-avail ind	20180731	20991231	
46161447	35626975	VMP has prescr stat	20180731	20991231	
46161447	35626985	Has legal category	20180731	20991231	
46161447	35626992	Has disc indicator	20180731	20991231	
46161447	37207390	Has CD category	20190731	20991231	
46161447	37209199	Is a	20190731	20991231	
46161447	37310858	Has AMP restr ind	20200309	20991231	
46161447	46085634	Is a	20150131	20991231	
46161447	46161447	Mapped from	20180731	20991231	
46161447	46161447	Maps to	20180731	20991231	
46161449	35607932	Has non-avail ind	20180731	20991231	
46161449	35626975	VMP has prescr stat	20180731	20991231	
46161449	35626985	Has legal category	20180731	20991231	
46161449	35626992	Has disc indicator	20180731	20991231	
46161449	37207390	Has CD category	20190731	20991231	
46161449	37209199	Is a	20190731	20991231	
46161449	37310858	Has AMP restr ind	20200309	20991231	
46161449	46085634	Is a	20150131	20991231	
46161449	46161449	Mapped from	20180731	20991231	
46161449	46161449	Maps to	20180731	20991231	
46161450	35607932	Has non-avail ind	20180731	20991231	
46161450	35626975	VMP has prescr stat	20180731	20991231	
46161450	35626985	Has legal category	20180731	20991231	
46161450	35626992	Has disc indicator	20180731	20991231	
46161450	37207390	Has CD category	20190731	20991231	
46161450	37209199	Is a	20190731	20991231	
46161450	37310858	Has AMP restr ind	20200309	20991231	
46161450	46023858	Has AMP	20150131	20991231	
46161450	46085634	Is a	20150131	20991231	
46161450	46161450	Mapped from	20180731	20991231	
46161450	46161450	Maps to	20180731	20991231	
46161452	35607932	Has non-avail ind	20180731	20991231	
46161452	35626975	VMP has prescr stat	20180731	20991231	
46161452	35626985	Has legal category	20180731	20991231	
46161452	35626993	Has disc indicator	20180731	20991231	
46161452	37207390	Has CD category	20190731	20991231	
46161452	37209199	Is a	20190731	20991231	
46161452	37310858	Has AMP restr ind	20200309	20991231	
46161452	46096260	Is a	20150131	20991231	
46161452	46161452	Mapped from	20180731	20991231	
46161452	46161452	Maps to	20180731	20991231	
46161453	35607932	Has non-avail ind	20180731	20991231	
46161453	35626975	VMP has prescr stat	20180731	20991231	
46161453	35626985	Has legal category	20180731	20991231	
46161453	35626993	Has disc indicator	20180731	20991231	
46161453	37207390	Has CD category	20190731	20991231	
46161453	37209199	Is a	20190731	20991231	
46161453	37310858	Has AMP restr ind	20200309	20991231	
46161453	46096260	Is a	20150131	20991231	
46161453	46161453	Mapped from	20180731	20991231	
46161453	46161453	Maps to	20180731	20991231	
46161454	35607932	Has non-avail ind	20180731	20991231	
46161454	35626975	VMP has prescr stat	20180731	20991231	
46161454	35626985	Has legal category	20180731	20991231	
46161454	35626993	Has disc indicator	20180731	20991231	
46161454	37207390	Has CD category	20190731	20991231	
46161454	37209199	Is a	20190731	20991231	
46161454	37310858	Has AMP restr ind	20200309	20991231	
46161454	46023862	Has AMP	20150131	20991231	
46161454	46096260	Is a	20150131	20991231	
46161454	46161454	Mapped from	20180731	20991231	
46161454	46161454	Maps to	20180731	20991231	
46161455	35607932	Has non-avail ind	20180731	20991231	
46161455	35626975	VMP has prescr stat	20180731	20991231	
46161455	35626985	Has legal category	20180731	20991231	
46161455	35626993	Has disc indicator	20180731	20991231	
46161455	37207390	Has CD category	20190731	20991231	
46161455	37209199	Is a	20190731	20991231	
46161455	37310858	Has AMP restr ind	20200309	20991231	
46161455	46096260	Is a	20150131	20991231	
46161455	46161455	Mapped from	20180731	20991231	
46161455	46161455	Maps to	20180731	20991231	
46161456	35607932	Has non-avail ind	20180731	20991231	
46161456	35626975	VMP has prescr stat	20180731	20991231	
46161456	35626985	Has legal category	20180731	20991231	
46161456	35626993	Has disc indicator	20180731	20991231	
46161456	37207390	Has CD category	20190731	20991231	
46161456	37209199	Is a	20190731	20991231	
46161456	37310858	Has AMP restr ind	20200309	20991231	
46161456	46023864	Has AMP	20150131	20991231	
46161456	46096260	Is a	20150131	20991231	
46161456	46161456	Mapped from	20180731	20991231	
46161456	46161456	Maps to	20180731	20991231	
46161459	35607932	Has non-avail ind	20180731	20991231	
46161459	35626975	VMP has prescr stat	20180731	20991231	
46161459	35626985	Has legal category	20180731	20991231	
46161459	35626993	Has disc indicator	20180731	20991231	
46161459	37207390	Has CD category	20190731	20991231	
46161459	37209199	Is a	20190731	20991231	
46161459	37310858	Has AMP restr ind	20200309	20991231	
46161459	46096260	Is a	20150131	20991231	
46161459	46161459	Mapped from	20180731	20991231	
46161459	46161459	Maps to	20180731	20991231	
46161461	35607932	Has non-avail ind	20180731	20991231	
46161461	35626975	VMP has prescr stat	20180731	20991231	
46161461	35626985	Has legal category	20180731	20991231	
46161461	35626993	Has disc indicator	20180731	20991231	
46161461	37207390	Has CD category	20190731	20991231	
46161461	37209199	Is a	20190731	20991231	
46161461	37310858	Has AMP restr ind	20200309	20991231	
46161461	46023873	Has AMP	20150131	20991231	
46161461	46096260	Is a	20150131	20991231	
46161461	46161461	Mapped from	20180731	20991231	
46161461	46161461	Maps to	20180731	20991231	
46161463	35607932	Has non-avail ind	20180731	20991231	
46161463	35626975	VMP has prescr stat	20180731	20991231	
46161463	35626985	Has legal category	20180731	20991231	
46161463	35626993	Has disc indicator	20180731	20991231	
46161463	37207390	Has CD category	20190731	20991231	
46161463	37209199	Is a	20190731	20991231	
46161463	37310858	Has AMP restr ind	20200309	20991231	
46161463	46023874	Has AMP	20150131	20991231	
46161463	46096260	Is a	20150131	20991231	
46161463	46161463	Mapped from	20180731	20991231	
46161463	46161463	Maps to	20180731	20991231	
46161464	35607932	Has non-avail ind	20180731	20991231	
46161464	35626975	VMP has prescr stat	20180731	20991231	
46161464	35626985	Has legal category	20180731	20991231	
46161464	35626993	Has disc indicator	20180731	20991231	
46161464	37207390	Has CD category	20190731	20991231	
46161464	37209199	Is a	20190731	20991231	
46161464	37310858	Has AMP restr ind	20200309	20991231	
46161464	46096260	Is a	20150131	20991231	
46161464	46161464	Mapped from	20180731	20991231	
46161464	46161464	Maps to	20180731	20991231	
46161470	35607932	Has non-avail ind	20180731	20991231	
46161470	35626975	VMP has prescr stat	20180731	20991231	
46161470	35626985	Has legal category	20180731	20991231	
46161470	37207390	Has CD category	20190731	20991231	
46161470	37209199	Is a	20190731	20991231	
46161470	37310858	Has AMP restr ind	20200309	20991231	
46161470	46023881	Has AMP	20150131	20991231	
46161470	46096260	Is a	20150131	20991231	
46161470	46161470	Mapped from	20180731	20991231	
46161470	46161470	Maps to	20180731	20991231	
46161472	35607932	Has non-avail ind	20180731	20991231	
46161472	35626975	VMP has prescr stat	20180731	20991231	
46161472	35626985	Has legal category	20180731	20991231	
46161472	35626993	Has disc indicator	20180731	20991231	
46161472	37207390	Has CD category	20190731	20991231	
46161472	37209199	Is a	20190731	20991231	
46161472	37310858	Has AMP restr ind	20200309	20991231	
46161472	46023883	Has AMP	20150131	20991231	
46161472	46096260	Is a	20150131	20991231	
46161472	46161472	Mapped from	20180731	20991231	
46161472	46161472	Maps to	20180731	20991231	
46161473	35607932	Has non-avail ind	20180731	20991231	
46161473	35626975	VMP has prescr stat	20180731	20991231	
46161473	35626985	Has legal category	20180731	20991231	
46161473	35626993	Has disc indicator	20180731	20991231	
46161473	37207390	Has CD category	20190731	20991231	
46161473	37209199	Is a	20190731	20991231	
46161473	37310858	Has AMP restr ind	20200309	20991231	
46161473	46096260	Is a	20150131	20991231	
46161473	46161473	Mapped from	20180731	20991231	
46161473	46161473	Maps to	20180731	20991231	
46161474	35607932	Has non-avail ind	20180731	20991231	
46161474	35626975	VMP has prescr stat	20180731	20991231	
46161474	35626985	Has legal category	20180731	20991231	
46161474	35626993	Has disc indicator	20180731	20991231	
46161474	37207390	Has CD category	20190731	20991231	
46161474	37209199	Is a	20190731	20991231	
46161474	37310858	Has AMP restr ind	20200309	20991231	
46161474	46161474	Mapped from	20180731	20991231	
46161474	46161474	Maps to	20180731	20991231	
46161475	35607932	Has non-avail ind	20180731	20991231	
46161475	35626975	VMP has prescr stat	20180731	20991231	
46161475	35626985	Has legal category	20180731	20991231	
46161475	35626993	Has disc indicator	20180731	20991231	
46161475	37207390	Has CD category	20190731	20991231	
46161475	37209199	Is a	20190731	20991231	
46161475	37310858	Has AMP restr ind	20200309	20991231	
46161475	46023886	Has AMP	20150131	20991231	
46161475	46096260	Is a	20150131	20991231	
46161475	46161475	Mapped from	20180731	20991231	
46161475	46161475	Maps to	20180731	20991231	
46161478	35607932	Has non-avail ind	20180731	20991231	
46161478	35626975	VMP has prescr stat	20180731	20991231	
46161478	35626985	Has legal category	20180731	20991231	
46161478	35626993	Has disc indicator	20180731	20991231	
46161478	37207390	Has CD category	20190731	20991231	
46161478	37209199	Is a	20190731	20991231	
46161478	37310858	Has AMP restr ind	20200309	20991231	
46161478	46023889	Has AMP	20150131	20991231	
46161478	46096260	Is a	20150131	20991231	
46161478	46161478	Mapped from	20180731	20991231	
46161478	46161478	Maps to	20180731	20991231	
46161481	35607932	Has non-avail ind	20180731	20991231	
46161481	35626975	VMP has prescr stat	20180731	20991231	
46161481	35626985	Has legal category	20180731	20991231	
46161481	35626993	Has disc indicator	20180731	20991231	
46161481	37207390	Has CD category	20190731	20991231	
46161481	37209199	Is a	20190731	20991231	
46161481	37310858	Has AMP restr ind	20200309	20991231	
46161481	46023892	Has AMP	20150131	20991231	
46161481	46096260	Is a	20150131	20991231	
46161481	46161481	Mapped from	20180731	20991231	
46161481	46161481	Maps to	20180731	20991231	
46161482	35607932	Has non-avail ind	20180731	20991231	
46161482	35626975	VMP has prescr stat	20180731	20991231	
46161482	35626985	Has legal category	20180731	20991231	
46161482	35626993	Has disc indicator	20180731	20991231	
46161482	37207390	Has CD category	20190731	20991231	
46161482	37209199	Is a	20190731	20991231	
46161482	37310858	Has AMP restr ind	20200309	20991231	
46161482	46096260	Is a	20150131	20991231	
46161482	46161482	Mapped from	20180731	20991231	
46161482	46161482	Maps to	20180731	20991231	
46161483	35607932	Has non-avail ind	20180731	20991231	
46161483	35626975	VMP has prescr stat	20180731	20991231	
46161483	35626985	Has legal category	20180731	20991231	
46161483	35626993	Has disc indicator	20180731	20991231	
46161483	37207390	Has CD category	20190731	20991231	
46161483	37209199	Is a	20190731	20991231	
46161483	37310858	Has AMP restr ind	20200309	20991231	
46161483	46023894	Has AMP	20150131	20991231	
46161483	46096260	Is a	20150131	20991231	
46161483	46161483	Mapped from	20180731	20991231	
46161483	46161483	Maps to	20180731	20991231	
46161485	35607932	Has non-avail ind	20180731	20991231	
46161485	35626975	VMP has prescr stat	20180731	20991231	
46161485	35626985	Has legal category	20180731	20991231	
46161485	37207390	Has CD category	20190731	20991231	
46161485	37209199	Is a	20190731	20991231	
46161485	37310858	Has AMP restr ind	20200309	20991231	
46161485	46096260	Is a	20150131	20991231	
46161485	46161485	Mapped from	20180731	20991231	
46161485	46161485	Maps to	20180731	20991231	
46161488	35607932	Has non-avail ind	20180731	20991231	
46161488	35626975	VMP has prescr stat	20180731	20991231	
46161488	35626985	Has legal category	20180731	20991231	
46161488	37207390	Has CD category	20190731	20991231	
46161488	37209199	Is a	20190731	20991231	
46161488	37310858	Has AMP restr ind	20200309	20991231	
46161488	46023867	Has AMP	20150131	20991231	
46161488	46096260	Is a	20150131	20991231	
46161488	46161488	Mapped from	20180731	20991231	
46161488	46161488	Maps to	20180731	20991231	
46161489	35607932	Has non-avail ind	20180731	20991231	
46161489	35626975	VMP has prescr stat	20180731	20991231	
46161489	35626985	Has legal category	20180731	20991231	
46161489	37207390	Has CD category	20190731	20991231	
46161489	37209199	Is a	20190731	20991231	
46161489	37310858	Has AMP restr ind	20200309	20991231	
46161489	46096260	Is a	20150131	20991231	
46161489	46161489	Mapped from	20180731	20991231	
46161489	46161489	Maps to	20180731	20991231	
46161490	35607932	Has non-avail ind	20180731	20991231	
46161490	35626975	VMP has prescr stat	20180731	20991231	
46161490	35626985	Has legal category	20180731	20991231	
46161490	35626993	Has disc indicator	20180731	20991231	
46161490	37207390	Has CD category	20190731	20991231	
46161490	37209199	Is a	20190731	20991231	
46161490	37310858	Has AMP restr ind	20200309	20991231	
46161490	46096220	Is a	20150131	20991231	
46161490	46161490	Mapped from	20180731	20991231	
46161490	46161490	Maps to	20180731	20991231	
46161492	35607932	Has non-avail ind	20180731	20991231	
46161492	35626975	VMP has prescr stat	20180731	20991231	
46161492	35626985	Has legal category	20180731	20991231	
46161492	35626993	Has disc indicator	20180731	20991231	
46161492	37207390	Has CD category	20190731	20991231	
46161492	37209199	Is a	20190731	20991231	
46161492	37310858	Has AMP restr ind	20200309	20991231	
46161492	46096260	Is a	20150131	20991231	
46161492	46161492	Mapped from	20180731	20991231	
46161492	46161492	Maps to	20180731	20991231	
46161496	35607932	Has non-avail ind	20180731	20991231	
46161496	35626975	VMP has prescr stat	20180731	20991231	
46161496	35626985	Has legal category	20180731	20991231	
46161496	35626993	Has disc indicator	20180731	20991231	
46161496	37207390	Has CD category	20190731	20991231	
46161496	37209199	Is a	20190731	20991231	
46161496	37310858	Has AMP restr ind	20200309	20991231	
46161496	46023905	Has AMP	20150131	20991231	
46161496	46096260	Is a	20150131	20991231	
46161496	46161496	Mapped from	20180731	20991231	
46161496	46161496	Maps to	20180731	20991231	
46161497	35607932	Has non-avail ind	20180731	20991231	
46161497	35626975	VMP has prescr stat	20180731	20991231	
46161497	35626985	Has legal category	20180731	20991231	
46161497	37207390	Has CD category	20190731	20991231	
46161497	37209199	Is a	20190731	20991231	
46161497	37310858	Has AMP restr ind	20200309	20991231	
46161497	46023906	Has AMP	20150131	20991231	
46161497	46096260	Is a	20150131	20991231	
46161497	46161497	Mapped from	20180731	20991231	
46161497	46161497	Maps to	20180731	20991231	
46161498	35607932	Has non-avail ind	20180731	20991231	
46161498	35626975	VMP has prescr stat	20180731	20991231	
46161498	35626985	Has legal category	20180731	20991231	
46161498	37207390	Has CD category	20190731	20991231	
46161498	37209199	Is a	20190731	20991231	
46161498	37310858	Has AMP restr ind	20200309	20991231	
46161498	46096260	Is a	20150131	20991231	
46161498	46161498	Mapped from	20180731	20991231	
46161498	46161498	Maps to	20180731	20991231	
46161502	35607932	Has non-avail ind	20180731	20991231	
46161502	35626975	VMP has prescr stat	20180731	20991231	
46161502	35626985	Has legal category	20180731	20991231	
46161502	37207390	Has CD category	20190731	20991231	
46161502	37209199	Is a	20190731	20991231	
46161502	37310858	Has AMP restr ind	20200309	20991231	
46161502	46023911	Has AMP	20150131	20991231	
46161502	46096260	Is a	20150131	20991231	
46161502	46161502	Mapped from	20180731	20991231	
46161502	46161502	Maps to	20180731	20991231	
46161504	35607932	Has non-avail ind	20180731	20991231	
46161504	35626975	VMP has prescr stat	20180731	20991231	
46161504	35626985	Has legal category	20180731	20991231	
46161504	37207390	Has CD category	20190731	20991231	
46161504	37209199	Is a	20190731	20991231	
46161504	37310858	Has AMP restr ind	20200309	20991231	
46161504	46023869	Has AMP	20150131	20991231	
46161504	46096260	Is a	20150131	20991231	
46161504	46161504	Mapped from	20180731	20991231	
46161504	46161504	Maps to	20180731	20991231	
46161506	4294612	Has disp dose form	20180731	20991231	
46161506	35608652	Is a	20180731	20991231	
46161506	35626973	VMP has prescr stat	20180731	20991231	
46161506	35626986	Has legal category	20180731	20991231	
46161506	35626992	Has disc indicator	20180731	20991231	
46161506	37207390	Has CD category	20190731	20991231	
46161506	37310858	Has AMP restr ind	20200309	20991231	
46161506	46085631	Is a	20150131	20991231	
46161507	4226794	Has disp dose form	20180731	20991231	
46161507	35607932	Has non-avail ind	20180731	20991231	
46161507	35608652	Is a	20180731	20991231	
46161507	35626950	Has excipient	20180731	20991231	
46161507	35626975	VMP has prescr stat	20180731	20991231	
46161507	35626985	Has legal category	20180731	20991231	
46161507	35626993	Has disc indicator	20180731	20991231	
46161507	37207390	Has CD category	20190731	20991231	
46161507	37310858	Has AMP restr ind	20200309	20991231	
46161507	46023914	Has AMP	20150131	20991231	
46161507	46085630	Is a	20150131	20991231	
46161510	35607932	Has non-avail ind	20180731	20991231	
46161510	35626975	VMP has prescr stat	20180731	20991231	
46161510	35626985	Has legal category	20180731	20991231	
46161510	35626993	Has disc indicator	20180731	20991231	
46161510	37207390	Has CD category	20190731	20991231	
46161510	37209199	Is a	20190731	20991231	
46161510	37310858	Has AMP restr ind	20200309	20991231	
46161510	46023918	Has AMP	20150131	20991231	
46161510	46161510	Mapped from	20180731	20991231	
46161510	46161510	Maps to	20180731	20991231	
46161511	35607932	Has non-avail ind	20180731	20991231	
46161511	35626975	VMP has prescr stat	20180731	20991231	
46161511	35626985	Has legal category	20180731	20991231	
46161511	35626993	Has disc indicator	20180731	20991231	
46161511	37207390	Has CD category	20190731	20991231	
46161511	37209199	Is a	20190731	20991231	
46161511	37310858	Has AMP restr ind	20200309	20991231	
46161511	46023917	Has AMP	20150131	20991231	
46161511	46161511	Mapped from	20180731	20991231	
46161511	46161511	Maps to	20180731	20991231	
46161513	35607932	Has non-avail ind	20180731	20991231	
46161513	35626975	VMP has prescr stat	20180731	20991231	
46161513	35626985	Has legal category	20180731	20991231	
46161513	35626993	Has disc indicator	20180731	20991231	
46161513	37207390	Has CD category	20190731	20991231	
46161513	37209199	Is a	20190731	20991231	
46161513	37310858	Has AMP restr ind	20200309	20991231	
46161513	46161513	Mapped from	20180731	20991231	
46161513	46161513	Maps to	20180731	20991231	
46161514	35607932	Has non-avail ind	20180731	20991231	
46161514	35626975	VMP has prescr stat	20180731	20991231	
46161514	35626985	Has legal category	20180731	20991231	
46161514	35626993	Has disc indicator	20180731	20991231	
46161514	37207390	Has CD category	20190731	20991231	
46161514	37209199	Is a	20190731	20991231	
46161514	37310858	Has AMP restr ind	20200309	20991231	
46161514	46023920	Has AMP	20150131	20991231	
46161514	46161514	Mapped from	20180731	20991231	
46161514	46161514	Maps to	20180731	20991231	
46161515	35607932	Has non-avail ind	20180731	20991231	
46161515	35626975	VMP has prescr stat	20180731	20991231	
46161515	35626985	Has legal category	20180731	20991231	
46161515	35626993	Has disc indicator	20180731	20991231	
46161515	37207390	Has CD category	20190731	20991231	
46161515	37209199	Is a	20190731	20991231	
46161515	37310858	Has AMP restr ind	20200309	20991231	
46161515	46161515	Mapped from	20180731	20991231	
46161515	46161515	Maps to	20180731	20991231	
46161516	35607932	Has non-avail ind	20180731	20991231	
46161516	35626975	VMP has prescr stat	20180731	20991231	
46161516	35626985	Has legal category	20180731	20991231	
46161516	35626993	Has disc indicator	20180731	20991231	
46161516	37207390	Has CD category	20190731	20991231	
46161516	37209199	Is a	20190731	20991231	
46161516	37310858	Has AMP restr ind	20200309	20991231	
46161516	46023923	Has AMP	20150131	20991231	
46161516	46161516	Mapped from	20180731	20991231	
46161516	46161516	Maps to	20180731	20991231	
46161517	35607932	Has non-avail ind	20180731	20991231	
46161517	35626975	VMP has prescr stat	20180731	20991231	
46161517	35626985	Has legal category	20180731	20991231	
46161517	35626993	Has disc indicator	20180731	20991231	
46161517	37207390	Has CD category	20190731	20991231	
46161517	37209199	Is a	20190731	20991231	
46161517	37310858	Has AMP restr ind	20200309	20991231	
46161517	46023924	Has AMP	20150131	20991231	
46161517	46161517	Mapped from	20180731	20991231	
46161517	46161517	Maps to	20180731	20991231	
46161518	35607932	Has non-avail ind	20180731	20991231	
46161518	35626975	VMP has prescr stat	20180731	20991231	
46161518	35626985	Has legal category	20180731	20991231	
46161518	35626993	Has disc indicator	20180731	20991231	
46161518	37207390	Has CD category	20190731	20991231	
46161518	37209199	Is a	20190731	20991231	
46161518	37310858	Has AMP restr ind	20200309	20991231	
46161518	46161518	Mapped from	20180731	20991231	
46161518	46161518	Maps to	20180731	20991231	
46161519	35607932	Has non-avail ind	20180731	20991231	
46161519	35626975	VMP has prescr stat	20180731	20991231	
46161519	35626985	Has legal category	20180731	20991231	
46161519	35626993	Has disc indicator	20180731	20991231	
46161519	37207390	Has CD category	20190731	20991231	
46161519	37209199	Is a	20190731	20991231	
46161519	37310858	Has AMP restr ind	20200309	20991231	
46161519	46161519	Mapped from	20180731	20991231	
46161519	46161519	Maps to	20180731	20991231	
46161521	35607932	Has non-avail ind	20180731	20991231	
46161521	35626975	VMP has prescr stat	20180731	20991231	
46161521	35626985	Has legal category	20180731	20991231	
46161521	35626993	Has disc indicator	20180731	20991231	
46161521	37207390	Has CD category	20190731	20991231	
46161521	37209199	Is a	20190731	20991231	
46161521	37310858	Has AMP restr ind	20200309	20991231	
46161521	46023928	Has AMP	20150131	20991231	
46161521	46161521	Mapped from	20180731	20991231	
46161521	46161521	Maps to	20180731	20991231	
46161523	35607932	Has non-avail ind	20180731	20991231	
46161523	35626975	VMP has prescr stat	20180731	20991231	
46161523	35626985	Has legal category	20180731	20991231	
46161523	35626993	Has disc indicator	20180731	20991231	
46161523	37207390	Has CD category	20190731	20991231	
46161523	37209199	Is a	20190731	20991231	
46161523	37310858	Has AMP restr ind	20200309	20991231	
46161523	46161523	Mapped from	20180731	20991231	
46161523	46161523	Maps to	20180731	20991231	
46161525	35607932	Has non-avail ind	20180731	20991231	
46161525	35626975	VMP has prescr stat	20180731	20991231	
46161525	35626985	Has legal category	20180731	20991231	
46161525	35626993	Has disc indicator	20180731	20991231	
46161525	37207390	Has CD category	20190731	20991231	
46161525	37209199	Is a	20190731	20991231	
46161525	37310858	Has AMP restr ind	20200309	20991231	
46161525	46023932	Has AMP	20150131	20991231	
46161525	46161525	Mapped from	20180731	20991231	
46161525	46161525	Maps to	20180731	20991231	
46161527	4179018	Has spec active ing	20180731	20991231	
46161527	4221092	Has spec active ing	20180731	20991231	
46161527	4229130	Has spec active ing	20180731	20991231	
46161527	35607932	Has non-avail ind	20180731	20991231	
46161527	35608652	Is a	20180731	20991231	
46161527	35626950	Has excipient	20180731	20991231	
46161527	35626973	VMP has prescr stat	20180731	20991231	
46161527	35626987	Has legal category	20180731	20991231	
46161527	35626993	Has disc indicator	20180731	20991231	
46161527	37207390	Has CD category	20190731	20991231	
46161527	37309772	Has free indicator	20200309	20991231	
46161527	37310858	Has AMP restr ind	20200309	20991231	
46161527	46100774	Is a	20150131	20991231	
46161531	4309277	Has spec active ing	20180731	20991231	
46161531	35607932	Has non-avail ind	20180731	20991231	
46161531	35608652	Is a	20180731	20991231	
46161531	35626950	Has excipient	20180731	20991231	
46161531	35626973	VMP has prescr stat	20180731	20991231	
46161531	35626986	Has legal category	20180731	20991231	
46161531	35626992	Has disc indicator	20180731	20991231	
46161531	37207390	Has CD category	20190731	20991231	
46161531	37309763	Paral imprt ind	20200309	20991231	
46161531	37309772	Has free indicator	20200309	20991231	
46161531	37310856	Has AMP restr ind	20200309	20991231	
46161531	46006393	Has AMP	20150131	20991231	
46161533	4298913	Has spec active ing	20180731	20991231	
46161533	35607932	Has non-avail ind	20180731	20991231	
46161533	35608652	Is a	20180731	20991231	
46161533	35626950	Has excipient	20180731	20991231	
46161533	35626986	Has legal category	20180731	20991231	
46161533	35626992	Has disc indicator	20180731	20991231	
46161533	37207387	Has CD category	20190731	20991231	
46161533	37209282	VMP has prescr stat	20190731	20991231	
46161533	37309763	Paral imprt ind	20200309	20991231	
46161533	37310856	Has AMP restr ind	20200309	20991231	
46161535	4294612	Has disp dose form	20180731	20991231	
46161535	35607932	Has non-avail ind	20180731	20991231	
46161535	35608652	Is a	20180731	20991231	
46161535	35626950	Has excipient	20180731	20991231	
46161535	35626973	VMP has prescr stat	20180731	20991231	
46161535	35626986	Has legal category	20180731	20991231	
46161535	35626992	Has disc indicator	20180731	20991231	
46161535	37207390	Has CD category	20190731	20991231	
46161535	37309763	Paral imprt ind	20200309	20991231	
46161535	37310856	Has AMP restr ind	20200309	20991231	
46161535	46085629	Is a	20150131	20991231	
46161539	4294757	Has disp dose form	20180731	20991231	
46161539	35608652	Is a	20180731	20991231	
46161539	35626950	Has excipient	20180731	20991231	
46161539	35626973	VMP has prescr stat	20180731	20991231	
46161539	35626980	Has non-avail ind	20180731	20991231	
46161539	35626986	Has legal category	20180731	20991231	
46161539	35626992	Has disc indicator	20180731	20991231	
46161539	37207390	Has CD category	20190731	20991231	
46161539	37310856	Has AMP restr ind	20200309	20991231	
46161540	4294600	Has disp dose form	20180731	20991231	
46161540	35608652	Is a	20180731	20991231	
46161540	35626973	VMP has prescr stat	20180731	20991231	
46161540	35626980	Has non-avail ind	20200309	20991231	
46161540	35626986	Has legal category	20180731	20991231	
46161540	35626992	Has disc indicator	20200309	20991231	
46161540	37207390	Has CD category	20190731	20991231	
46161540	37309772	Has free indicator	20200309	20991231	
46161540	37310856	Has AMP restr ind	20200309	20991231	
46161540	46023940	Has AMP	20150131	20991231	
46161546	4294612	Has disp dose form	20180731	20991231	
46161546	4306033	Has spec active ing	20180731	20991231	
46161546	35608652	Is a	20180731	20991231	
46161546	35626950	Has excipient	20180731	20991231	
46161546	35626973	VMP has prescr stat	20180731	20991231	
46161546	35626986	Has legal category	20180731	20991231	
46161546	35626993	Has disc indicator	20180731	20991231	
46161546	37207390	Has CD category	20190731	20991231	
46161546	37310858	Has AMP restr ind	20200309	20991231	
46161546	46104974	Is a	20150131	20991231	
46161547	4031407	Has spec active ing	20180731	20991231	
46161547	4157767	Has basis str subst	20180731	20991231	
46161547	4294612	Has disp dose form	20180731	20991231	
46161547	35607932	Has non-avail ind	20180731	20991231	
46161547	35608652	Is a	20180731	20991231	
46161547	35626950	Has excipient	20180731	20991231	
46161547	35626973	VMP has prescr stat	20180731	20991231	
46161547	35626986	Has legal category	20180731	20991231	
46161547	35626993	Has disc indicator	20180731	20991231	
46161547	37207390	Has CD category	20190731	20991231	
46161547	37310858	Has AMP restr ind	20200309	20991231	
46161547	46023943	Has AMP	20150131	20991231	
46161552	4251625	Has spec active ing	20180731	20991231	
46161552	4294612	Has disp dose form	20180731	20991231	
46161552	35607932	Has non-avail ind	20180731	20991231	
46161552	35608652	Is a	20180731	20991231	
46161552	35626950	Has excipient	20180731	20991231	
46161552	35626973	VMP has prescr stat	20180731	20991231	
46161552	35626986	Has legal category	20180731	20991231	
46161552	35626992	Has disc indicator	20180731	20991231	
46161552	37207391	Has CD category	20190731	20991231	
46161552	37310856	Has AMP restr ind	20200309	20991231	
46161552	46023947	Has AMP	20150131	20991231	
46161552	46102409	Is a	20150131	20991231	
46161553	4156734	Has spec active ing	20180731	20991231	
46161553	4294612	Has disp dose form	20180731	20991231	
46161553	35607932	Has non-avail ind	20180731	20991231	
46161553	35608652	Is a	20180731	20991231	
46161553	35626950	Has excipient	20180731	20991231	
46161553	35626973	VMP has prescr stat	20180731	20991231	
46161553	35626986	Has legal category	20180731	20991231	
46161553	35626993	Has disc indicator	20180731	20991231	
46161553	37207390	Has CD category	20190731	20991231	
46161553	37310858	Has AMP restr ind	20200309	20991231	
46161553	45982825	Has AMP	20150131	20991231	
46161555	4172610	Has spec active ing	20180731	20991231	
46161555	4294756	Has disp dose form	20180731	20991231	
46161555	35608652	Is a	20180731	20991231	
46161555	35626950	Has excipient	20180731	20991231	
46161555	35626973	VMP has prescr stat	20180731	20991231	
46161555	35626986	Has legal category	20180731	20991231	
46161555	35626992	Has disc indicator	20180731	20991231	
46161555	37207390	Has CD category	20190731	20991231	
46161555	37310856	Has AMP restr ind	20200309	20991231	
46161555	46023949	Has AMP	20150131	20991231	
46161555	46098440	Is a	20150131	20991231	
46161556	4294612	Has disp dose form	20180731	20991231	
46161556	4304125	Has spec active ing	20180731	20991231	
46161556	35607932	Has non-avail ind	20180731	20991231	
46161556	35608652	Is a	20180731	20991231	
46161556	35626950	Has excipient	20180731	20991231	
46161556	35626973	VMP has prescr stat	20180731	20991231	
46161556	35626986	Has legal category	20180731	20991231	
46161556	35626991	Has disc indicator	20180731	20991231	
46161556	37207390	Has CD category	20190731	20991231	
46161556	37310858	Has AMP restr ind	20200309	20991231	
46161556	46023950	Has AMP	20150131	20991231	
46161557	4020623	Has spec active ing	20180731	20991231	
46161557	4297959	Has disp dose form	20180731	20991231	
46161557	35607932	Has non-avail ind	20180731	20991231	
46161557	35608652	Is a	20180731	20991231	
46161557	35626950	Has excipient	20180731	20991231	
46161557	35626973	VMP has prescr stat	20180731	20991231	
46161557	35626986	Has legal category	20180731	20991231	
46161557	35626991	Has disc indicator	20180731	20991231	
46161557	37207390	Has CD category	20190731	20991231	
46161557	37310858	Has AMP restr ind	20200309	20991231	
46161557	46104675	Is a	20150131	20991231	
46161560	4031407	Has spec active ing	20180731	20991231	
46161560	4157767	Has basis str subst	20180731	20991231	
46161560	4294612	Has disp dose form	20180731	20991231	
46161560	35607932	Has non-avail ind	20180731	20991231	
46161560	35608652	Is a	20180731	20991231	
46161560	35626950	Has excipient	20180731	20991231	
46161560	35626973	VMP has prescr stat	20180731	20991231	
46161560	35626986	Has legal category	20180731	20991231	
46161560	35626993	Has disc indicator	20180731	20991231	
46161560	37207390	Has CD category	20190731	20991231	
46161560	37310858	Has AMP restr ind	20200309	20991231	
46161560	46023952	Has AMP	20150131	20991231	
46161563	35608652	Is a	20180731	20991231	
46161563	35626950	Has excipient	20180731	20991231	
46161563	35626975	VMP has prescr stat	20180731	20991231	
46161563	35626985	Has legal category	20180731	20991231	
46161563	35626993	Has disc indicator	20180731	20991231	
46161563	37207390	Has CD category	20190731	20991231	
46161563	37309770	Has free indicator	20200309	20991231	
46161563	37310858	Has AMP restr ind	20200309	20991231	
46161563	46085623	Is a	20150131	20991231	
46161568	4282140	Has disp dose form	20180731	20991231	
46161568	4305880	Has spec active ing	20180731	20991231	
46161568	35607932	Has non-avail ind	20180731	20991231	
46161568	35608652	Is a	20180731	20991231	
46161568	35626950	Has excipient	20180731	20991231	
46161568	35626973	VMP has prescr stat	20180731	20991231	
46161568	35626988	Has legal category	20180731	20991231	
46161568	35626993	Has disc indicator	20180731	20991231	
46161568	35627044	Has flavor	20180731	20991231	
46161568	37207390	Has CD category	20190731	20991231	
46161568	37310858	Has AMP restr ind	20200309	20991231	
46161568	46085618	Is a	20150131	20991231	
46161570	4294612	Has disp dose form	20180731	20991231	
46161570	35607932	Has non-avail ind	20180731	20991231	
46161570	35608652	Is a	20180731	20991231	
46161570	35626950	Has excipient	20180731	20991231	
46161570	35626973	VMP has prescr stat	20180731	20991231	
46161570	35626988	Has legal category	20180731	20991231	
46161570	35626992	Has disc indicator	20180731	20991231	
46161570	37207390	Has CD category	20190731	20991231	
46161570	37310858	Has AMP restr ind	20200309	20991231	
46161570	46091162	Is a	20150131	20991231	
46161571	4213823	Has spec active ing	20180731	20991231	
46161571	35608652	Is a	20180731	20991231	
46161571	35626950	Has excipient	20180731	20991231	
46161571	35626973	VMP has prescr stat	20180731	20991231	
46161571	35626986	Has legal category	20180731	20991231	
46161571	37207383	Has CD category	20190731	20991231	
46161571	37310858	Has AMP restr ind	20200309	20991231	
46161571	45956744	Has disp dose form	20180731	20991231	
46161571	46085617	Is a	20150131	20991231	
46161573	4294756	Has disp dose form	20180731	20991231	
46161573	4301206	Has basis str subst	20180731	20991231	
46161573	35608652	Is a	20180731	20991231	
46161573	35626950	Has excipient	20180731	20991231	
46161573	35626973	VMP has prescr stat	20180731	20991231	
46161573	35626986	Has legal category	20180731	20991231	
46161573	35626992	Has disc indicator	20180731	20991231	
46161573	37207390	Has CD category	20190731	20991231	
46161573	37310856	Has AMP restr ind	20200309	20991231	
46161573	46023959	Has AMP	20150131	20991231	
46161573	46085615	Is a	20150131	20991231	
46161577	35607932	Has non-avail ind	20180731	20991231	
46161577	35608652	Is a	20180731	20991231	
46161577	35626950	Has excipient	20180731	20991231	
46161577	35626973	VMP has prescr stat	20180731	20991231	
46161577	35626993	Has disc indicator	20180731	20991231	
46161577	37207390	Has CD category	20190731	20991231	
46161577	46023963	Has AMP	20150131	20991231	
46161578	4213958	Has spec active ing	20180731	20991231	
46161578	4298043	Has disp dose form	20180731	20991231	
46161578	35607932	Has non-avail ind	20180731	20991231	
46161578	35608652	Is a	20180731	20991231	
46161578	35626973	VMP has prescr stat	20180731	20991231	
46161578	35626986	Has legal category	20180731	20991231	
46161578	35626992	Has disc indicator	20200309	20991231	
46161578	37207390	Has CD category	20190731	20991231	
46161578	37310856	Has AMP restr ind	20200309	20991231	
46161578	46102798	Is a	20150131	20991231	
46161583	4156860	Has basis str subst	20180731	20991231	
46161583	4184144	Has excipient	20180731	20991231	
46161583	4213837	Has spec active ing	20180731	20991231	
46161583	4294600	Has disp dose form	20180731	20991231	
46161583	4320187	Has spec active ing	20180731	20991231	
46161583	35607932	Has non-avail ind	20180731	20991231	
46161583	35608652	Is a	20180731	20991231	
46161583	35626973	VMP has prescr stat	20180731	20991231	
46161583	35626986	Has legal category	20180731	20991231	
46161583	35626992	Has disc indicator	20180731	20991231	
46161583	37207390	Has CD category	20190731	20991231	
46161583	37309772	Has free indicator	20200309	20991231	
46161583	37310856	Has AMP restr ind	20200309	20991231	
46161583	46104609	Is a	20150131	20991231	
46161584	4305105	Has basis str subst	20180731	20991231	
46161584	35607932	Has non-avail ind	20180731	20991231	
46161584	35608111	Has disp dose form	20190131	20991231	
46161584	35608652	Is a	20180731	20991231	
46161584	35626950	Has excipient	20180731	20991231	
46161584	35626973	VMP has prescr stat	20180731	20991231	
46161584	35626986	Has legal category	20180731	20991231	
46161584	35626992	Has disc indicator	20190131	20991231	
46161584	37207390	Has CD category	20190731	20991231	
46161584	37310856	Has AMP restr ind	20200309	20991231	
46161584	46023968	Has AMP	20150131	20991231	
46161584	46097937	Is a	20150131	20991231	
46161590	4297959	Has disp dose form	20180731	20991231	
46161590	35607932	Has non-avail ind	20180731	20991231	
46161590	35608652	Is a	20180731	20991231	
46161590	35626973	VMP has prescr stat	20180731	20991231	
46161590	35626986	Has legal category	20180731	20991231	
46161590	35626992	Has disc indicator	20190731	20991231	
46161590	37207390	Has CD category	20190731	20991231	
46161590	37310856	Has AMP restr ind	20200309	20991231	
46161590	46023973	Has AMP	20150131	20991231	
46161591	35607932	Has non-avail ind	20180731	20991231	
46161591	35608652	Is a	20180731	20991231	
46161591	35626950	Has excipient	20180731	20991231	
46161591	35626975	VMP has prescr stat	20180731	20991231	
46161591	35626985	Has legal category	20180731	20991231	
46161591	35626993	Has disc indicator	20180731	20991231	
46161591	37207390	Has CD category	20190731	20991231	
46161591	37310858	Has AMP restr ind	20200309	20991231	
46161596	35608652	Is a	20180731	20991231	
46161596	35626950	Has excipient	20180731	20991231	
46161596	35626973	VMP has prescr stat	20180731	20991231	
46161596	35626986	Has legal category	20180731	20991231	
46161596	37207390	Has CD category	20190731	20991231	
46161596	37310858	Has AMP restr ind	20200309	20991231	
46161596	45956759	Has disp dose form	20180731	20991231	
46161596	46023979	Has AMP	20150131	20991231	
46161598	35608652	Is a	20180731	20991231	
46161598	35626950	Has excipient	20180731	20991231	
46161598	35626973	VMP has prescr stat	20180731	20991231	
46161598	35626986	Has legal category	20180731	20991231	
46161598	37207390	Has CD category	20190731	20991231	
46161598	37310858	Has AMP restr ind	20200309	20991231	
46161598	45956759	Has disp dose form	20180731	20991231	
46161598	46023979	Has AMP	20150131	20991231	
46161598	46085602	Is a	20150131	20991231	
46161601	4160634	Has basis str subst	20180731	20991231	
46161601	4294752	Has disp dose form	20180731	20991231	
46161601	4305092	Has spec active ing	20180731	20991231	
46161601	35608652	Is a	20180731	20991231	
46161601	35626950	Has excipient	20180731	20991231	
46161601	35626973	VMP has prescr stat	20180731	20991231	
46161601	35626980	Has non-avail ind	20190731	20991231	
46161601	35626986	Has legal category	20180731	20991231	
46161601	35626992	Has disc indicator	20180731	20991231	
46161601	37207390	Has CD category	20190731	20991231	
46161601	37310856	Has AMP restr ind	20200309	20991231	
46161601	46023982	Has AMP	20150131	20991231	
46161602	4021402	Has spec active ing	20180731	20991231	
46161602	4135839	Has spec active ing	20180731	20991231	
46161602	4143232	Has spec active ing	20180731	20991231	
46161602	4305895	Has spec active ing	20180731	20991231	
46161602	4313692	Has spec active ing	20180731	20991231	
46161602	35608652	Is a	20180731	20991231	
46161602	35626950	Has excipient	20180731	20991231	
46161602	35626975	VMP has prescr stat	20180731	20991231	
46161602	35626980	Has non-avail ind	20180731	20991231	
46161602	35626986	Has legal category	20180731	20991231	
46161602	35626992	Has disc indicator	20180731	20991231	
46161602	37109749	Has spec active ing	20180731	20991231	
46161602	37207390	Has CD category	20190731	20991231	
46161602	37309766	Has add monitor ind	20200309	20991231	
46161602	37310856	Has AMP restr ind	20200309	20991231	
46161602	45956759	Has disp dose form	20180731	20991231	
46161602	46023980	Has AMP	20150131	20991231	
46161602	46085598	Is a	20150131	20991231	
46161603	4021402	Has spec active ing	20180731	20991231	
46161603	4135839	Has spec active ing	20180731	20991231	
46161603	4143232	Has spec active ing	20180731	20991231	
46161603	4305895	Has spec active ing	20180731	20991231	
46161603	4313692	Has spec active ing	20180731	20991231	
46161603	35608652	Is a	20180731	20991231	
46161603	35626950	Has excipient	20180731	20991231	
46161603	35626975	VMP has prescr stat	20180731	20991231	
46161603	35626980	Has non-avail ind	20180731	20991231	
46161603	35626986	Has legal category	20180731	20991231	
46161603	35626992	Has disc indicator	20180731	20991231	
46161603	37109749	Has spec active ing	20180731	20991231	
46161603	37207390	Has CD category	20190731	20991231	
46161603	37309766	Has add monitor ind	20200309	20991231	
46161603	37310856	Has AMP restr ind	20200309	20991231	
46161603	45956759	Has disp dose form	20180731	20991231	
46161603	46023981	Has AMP	20150131	20991231	
46161603	46085597	Is a	20150131	20991231	
46161604	4212373	Has spec active ing	20180731	20991231	
46161604	4297957	Has disp dose form	20180731	20991231	
46161604	35607932	Has non-avail ind	20180731	20991231	
46161604	35608652	Is a	20180731	20991231	
46161604	35626950	Has excipient	20180731	20991231	
46161604	35626973	VMP has prescr stat	20180731	20991231	
46161604	35626987	Has legal category	20180731	20991231	
46161604	35626993	Has disc indicator	20180731	20991231	
46161604	37207390	Has CD category	20190731	20991231	
46161604	37310858	Has AMP restr ind	20200309	20991231	
46161604	46103417	Is a	20150131	20991231	
46161605	4029048	Has spec active ing	20180731	20991231	
46161605	4304126	Has basis str subst	20180731	20991231	
46161605	35607932	Has non-avail ind	20180731	20991231	
46161605	35608652	Is a	20180731	20991231	
46161605	35626950	Has excipient	20180731	20991231	
46161605	35626973	VMP has prescr stat	20180731	20991231	
46161605	35626986	Has legal category	20180731	20991231	
46161605	35626993	Has disc indicator	20180731	20991231	
46161605	37207390	Has CD category	20190731	20991231	
46161605	37310855	Has AMP restr ind	20200309	20991231	
46161605	46023983	Has AMP	20150131	20991231	
46161606	4293448	Has disp dose form	20180731	20991231	
46161606	4321903	Has spec active ing	20180731	20991231	
46161606	35607932	Has non-avail ind	20180731	20991231	
46161606	35608652	Is a	20180731	20991231	
46161606	35626950	Has excipient	20180731	20991231	
46161606	35626973	VMP has prescr stat	20180731	20991231	
46161606	35626986	Has legal category	20180731	20991231	
46161606	35626993	Has disc indicator	20180731	20991231	
46161606	37207390	Has CD category	20190731	20991231	
46161606	37310855	Has AMP restr ind	20200309	20991231	
46161606	46085595	Is a	20150131	20991231	
46161608	4245352	Has spec active ing	20180731	20991231	
46161608	4297957	Has disp dose form	20180731	20991231	
46161608	35607932	Has non-avail ind	20180731	20991231	
46161608	35608652	Is a	20180731	20991231	
46161608	35626950	Has excipient	20180731	20991231	
46161608	35626973	VMP has prescr stat	20180731	20991231	
46161608	35626986	Has legal category	20180731	20991231	
46161608	35626993	Has disc indicator	20180731	20991231	
46161608	37207390	Has CD category	20190731	20991231	
46161608	37310855	Has AMP restr ind	20200309	20991231	
46161608	46023986	Has AMP	20150131	20991231	
46161609	4217742	Has basis str subst	20180731	20991231	
46161609	4294612	Has disp dose form	20180731	20991231	
46161609	35607932	Has non-avail ind	20180731	20991231	
46161609	35608652	Is a	20180731	20991231	
46161609	35626973	VMP has prescr stat	20180731	20991231	
46161609	35626986	Has legal category	20180731	20991231	
46161609	35626992	Has disc indicator	20180731	20991231	
46161609	37207390	Has CD category	20190731	20991231	
46161609	37310856	Has AMP restr ind	20200309	20991231	
46161611	4213839	Has basis str subst	20180731	20991231	
46161611	4294612	Has disp dose form	20180731	20991231	
46161611	35608652	Is a	20180731	20991231	
46161611	35626973	VMP has prescr stat	20180731	20991231	
46161611	35626980	Has non-avail ind	20180731	20991231	
46161611	35626986	Has legal category	20180731	20991231	
46161611	35626992	Has disc indicator	20180731	20991231	
46161611	37207390	Has CD category	20190731	20991231	
46161611	37310856	Has AMP restr ind	20200309	20991231	
46161611	45983338	Has AMP	20150131	20991231	
46161611	46096588	Is a	20150131	20991231	
46161612	4213839	Has basis str subst	20180731	20991231	
46161612	4294612	Has disp dose form	20180731	20991231	
46161612	35608652	Is a	20180731	20991231	
46161612	35626973	VMP has prescr stat	20180731	20991231	
46161612	35626980	Has non-avail ind	20180731	20991231	
46161612	35626986	Has legal category	20180731	20991231	
46161612	35626992	Has disc indicator	20180731	20991231	
46161612	37207390	Has CD category	20190731	20991231	
46161612	37310856	Has AMP restr ind	20200309	20991231	
46161615	4293448	Has disp dose form	20180731	20991231	
46161615	35607932	Has non-avail ind	20180731	20991231	
46161615	35608652	Is a	20180731	20991231	
46161615	35626950	Has excipient	20180731	20991231	
46161615	35626973	VMP has prescr stat	20180731	20991231	
46161615	35626986	Has legal category	20180731	20991231	
46161615	35626993	Has disc indicator	20180731	20991231	
46161615	37207390	Has CD category	20190731	20991231	
46161615	37310855	Has AMP restr ind	20200309	20991231	
46161617	4298043	Has disp dose form	20180731	20991231	
46161617	35607932	Has non-avail ind	20180731	20991231	
46161617	35608652	Is a	20180731	20991231	
46161617	35626950	Has excipient	20180731	20991231	
46161617	35626973	VMP has prescr stat	20180731	20991231	
46161617	35626986	Has legal category	20180731	20991231	
46161617	35626993	Has disc indicator	20180731	20991231	
46161617	37207390	Has CD category	20190731	20991231	
46161617	37310855	Has AMP restr ind	20200309	20991231	
46161617	45956920	Has spec active ing	20180731	20991231	
46161617	46085587	Is a	20150131	20991231	
46161620	35607932	Has non-avail ind	20180731	20991231	
46161620	35608652	Is a	20180731	20991231	
46161620	35626950	Has excipient	20180731	20991231	
46161620	35626973	VMP has prescr stat	20180731	20991231	
46161620	35626986	Has legal category	20180731	20991231	
46161620	35626993	Has disc indicator	20180731	20991231	
46161620	37310855	Has AMP restr ind	20200309	20991231	
46161623	4293448	Has disp dose form	20180731	20991231	
46161623	35607932	Has non-avail ind	20180731	20991231	
46161623	35608652	Is a	20180731	20991231	
46161623	35626950	Has excipient	20180731	20991231	
46161623	35626973	VMP has prescr stat	20180731	20991231	
46161623	35626986	Has legal category	20180731	20991231	
46161623	35626993	Has disc indicator	20180731	20991231	
46161623	37207390	Has CD category	20190731	20991231	
46161623	37310855	Has AMP restr ind	20200309	20991231	
46161623	46023998	Has AMP	20150131	20991231	
46161625	4294612	Has disp dose form	20180731	20991231	
46161625	4299878	Has spec active ing	20180731	20991231	
46161625	35608652	Is a	20180731	20991231	
46161625	35626950	Has excipient	20180731	20991231	
46161625	35626973	VMP has prescr stat	20180731	20991231	
46161625	35626986	Has legal category	20180731	20991231	
46161625	35626992	Has disc indicator	20180731	20991231	
46161625	37207390	Has CD category	20190731	20991231	
46161625	37310856	Has AMP restr ind	20200309	20991231	
46161625	46024001	Has AMP	20150131	20991231	
46161625	46085578	Is a	20150131	20991231	
46161627	4038554	Has spec active ing	20180731	20991231	
46161627	4293917	Has disp dose form	20180731	20991231	
46161627	35608652	Is a	20180731	20991231	
46161627	35626950	Has excipient	20180731	20991231	
46161627	35626973	VMP has prescr stat	20180731	20991231	
46161627	35626986	Has legal category	20180731	20991231	
46161627	35626993	Has disc indicator	20180731	20991231	
46161627	37207390	Has CD category	20190731	20991231	
46161627	37310855	Has AMP restr ind	20200309	20991231	
46161627	46024002	Has AMP	20150131	20991231	
46161628	4021402	Has spec active ing	20180731	20991231	
46161628	4293448	Has disp dose form	20180731	20991231	
46161628	35607932	Has non-avail ind	20180731	20991231	
46161628	35608652	Is a	20180731	20991231	
46161628	35626950	Has excipient	20180731	20991231	
46161628	35626973	VMP has prescr stat	20180731	20991231	
46161628	35626986	Has legal category	20180731	20991231	
46161628	35626993	Has disc indicator	20180731	20991231	
46161628	37207390	Has CD category	20190731	20991231	
46161628	37310855	Has AMP restr ind	20200309	20991231	
46161628	46085576	Is a	20150131	20991231	
46161630	4129562	Has spec active ing	20180731	20991231	
46161630	4294600	Has disp dose form	20180731	20991231	
46161630	35607932	Has non-avail ind	20180731	20991231	
46161630	35608652	Is a	20180731	20991231	
46161630	35626950	Has excipient	20180731	20991231	
46161630	35626973	VMP has prescr stat	20180731	20991231	
46161630	35626986	Has legal category	20180731	20991231	
46161630	35626993	Has disc indicator	20180731	20991231	
46161630	37207390	Has CD category	20190731	20991231	
46161630	37310855	Has AMP restr ind	20200309	20991231	
46161630	46024005	Has AMP	20150131	20991231	
46161630	46085574	Is a	20150131	20991231	
46161634	35607932	Has non-avail ind	20180731	20991231	
46161634	35608652	Is a	20180731	20991231	
46161634	35626950	Has excipient	20180731	20991231	
46161634	35626975	VMP has prescr stat	20180731	20991231	
46161634	35626985	Has legal category	20180731	20991231	
46161634	35626992	Has disc indicator	20180731	20991231	
46161634	37207390	Has CD category	20190731	20991231	
46161634	37309770	Has free indicator	20200309	20991231	
46161634	37310856	Has AMP restr ind	20200309	20991231	
46161634	45956741	Has disp dose form	20180731	20991231	
46161634	46103426	Is a	20150131	20991231	
46161636	4164031	Has basis str subst	20180731	20991231	
46161636	4293448	Has disp dose form	20180731	20991231	
46161636	35607932	Has non-avail ind	20180731	20991231	
46161636	35608652	Is a	20180731	20991231	
46161636	35626950	Has excipient	20180731	20991231	
46161636	35626973	VMP has prescr stat	20180731	20991231	
46161636	35626986	Has legal category	20180731	20991231	
46161636	35626993	Has disc indicator	20180731	20991231	
46161636	37207390	Has CD category	20190731	20991231	
46161636	37310855	Has AMP restr ind	20200309	20991231	
46161636	46024010	Has AMP	20150131	20991231	
46161637	4164031	Has basis str subst	20180731	20991231	
46161637	4294600	Has disp dose form	20180731	20991231	
46161637	35607932	Has non-avail ind	20180731	20991231	
46161637	35608652	Is a	20180731	20991231	
46161637	35626950	Has excipient	20180731	20991231	
46161637	35626973	VMP has prescr stat	20180731	20991231	
46161637	35626986	Has legal category	20180731	20991231	
46161637	35626993	Has disc indicator	20180731	20991231	
46161637	37207390	Has CD category	20190731	20991231	
46161637	37310855	Has AMP restr ind	20200309	20991231	
46161637	46085567	Is a	20150131	20991231	
46161640	4207076	Has spec active ing	20180731	20991231	
46161640	4294600	Has disp dose form	20180731	20991231	
46161640	35607932	Has non-avail ind	20180731	20991231	
46161640	35608652	Is a	20180731	20991231	
46161640	35626950	Has excipient	20180731	20991231	
46161640	35626973	VMP has prescr stat	20180731	20991231	
46161640	35626986	Has legal category	20180731	20991231	
46161640	35626993	Has disc indicator	20180731	20991231	
46161640	37207390	Has CD category	20190731	20991231	
46161640	37310855	Has AMP restr ind	20200309	20991231	
46161640	46024014	Has AMP	20150131	20991231	
46161646	35607932	Has non-avail ind	20180731	20991231	
46161646	35626975	VMP has prescr stat	20180731	20991231	
46161646	35626985	Has legal category	20180731	20991231	
46161646	35626993	Has disc indicator	20180731	20991231	
46161646	36708250	Is a	20170131	20991231	
46161646	37207390	Has CD category	20190731	20991231	
46161646	37209199	Is a	20190731	20991231	
46161646	37310858	Has AMP restr ind	20200309	20991231	
46161646	46024020	Has AMP	20150131	20991231	
46161646	46091834	Is a	20150131	20991231	
46161646	46161646	Mapped from	20180731	20991231	
46161646	46161646	Maps to	20180731	20991231	
46161647	35607932	Has non-avail ind	20180731	20991231	
46161647	35626975	VMP has prescr stat	20180731	20991231	
46161647	35626985	Has legal category	20180731	20991231	
46161647	35626993	Has disc indicator	20180731	20991231	
46161647	36708250	Is a	20170131	20991231	
46161647	37207390	Has CD category	20190731	20991231	
46161647	37209199	Is a	20190731	20991231	
46161647	37310858	Has AMP restr ind	20200309	20991231	
46161647	46024021	Has AMP	20150131	20991231	
46161647	46091834	Is a	20150131	20991231	
46161647	46161647	Mapped from	20180731	20991231	
46161647	46161647	Maps to	20180731	20991231	
46161648	35607932	Has non-avail ind	20180731	20991231	
46161648	35626975	VMP has prescr stat	20180731	20991231	
46161648	35626985	Has legal category	20180731	20991231	
46161648	35626993	Has disc indicator	20180731	20991231	
46161648	37207390	Has CD category	20190731	20991231	
46161648	37209199	Is a	20190731	20991231	
46161648	37310858	Has AMP restr ind	20200309	20991231	
46161648	46024022	Has AMP	20150131	20991231	
46161648	46091834	Is a	20150131	20991231	
46161648	46161648	Mapped from	20180731	20991231	
46161648	46161648	Maps to	20180731	20991231	
46161649	35607932	Has non-avail ind	20180731	20991231	
46161649	35626975	VMP has prescr stat	20180731	20991231	
46161649	35626985	Has legal category	20180731	20991231	
46161649	35626993	Has disc indicator	20180731	20991231	
46161649	37207390	Has CD category	20190731	20991231	
46161649	37209199	Is a	20190731	20991231	
46161649	37310858	Has AMP restr ind	20200309	20991231	
46161649	46091834	Is a	20150131	20991231	
46161649	46161649	Mapped from	20180731	20991231	
46161649	46161649	Maps to	20180731	20991231	
46161650	35607932	Has non-avail ind	20180731	20991231	
46161650	35626975	VMP has prescr stat	20180731	20991231	
46161650	35626985	Has legal category	20180731	20991231	
46161650	35626993	Has disc indicator	20180731	20991231	
46161650	37207390	Has CD category	20190731	20991231	
46161650	37209199	Is a	20190731	20991231	
46161650	37310858	Has AMP restr ind	20200309	20991231	
46161650	46091835	Is a	20150131	20991231	
46161650	46161650	Mapped from	20180731	20991231	
46161650	46161650	Maps to	20180731	20991231	
46161652	35607932	Has non-avail ind	20180731	20991231	
46161652	35626975	VMP has prescr stat	20180731	20991231	
46161652	35626985	Has legal category	20180731	20991231	
46161652	35626993	Has disc indicator	20180731	20991231	
46161652	36708245	Is a	20170131	20991231	
46161652	37207390	Has CD category	20190731	20991231	
46161652	37209199	Is a	20190731	20991231	
46161652	37310858	Has AMP restr ind	20200309	20991231	
46161652	46091835	Is a	20150131	20991231	
46161652	46161652	Mapped from	20180731	20991231	
46161652	46161652	Maps to	20180731	20991231	
46161653	35607932	Has non-avail ind	20180731	20991231	
46161653	35626975	VMP has prescr stat	20180731	20991231	
46161653	35626985	Has legal category	20180731	20991231	
46161653	35626993	Has disc indicator	20180731	20991231	
46161653	36708245	Is a	20170131	20991231	
46161653	37207390	Has CD category	20190731	20991231	
46161653	37209199	Is a	20190731	20991231	
46161653	37310858	Has AMP restr ind	20200309	20991231	
46161653	46024027	Has AMP	20150131	20991231	
46161653	46091835	Is a	20150131	20991231	
46161653	46161653	Mapped from	20180731	20991231	
46161653	46161653	Maps to	20180731	20991231	
46161654	36708247	Is a	20170131	20991231	
46161654	46024028	Has AMP	20150131	20991231	
46161654	46091835	Is a	20150131	20991231	
46161657	35607932	Has non-avail ind	20180731	20991231	
46161657	35626975	VMP has prescr stat	20180731	20991231	
46161657	35626985	Has legal category	20180731	20991231	
46161657	35626993	Has disc indicator	20180731	20991231	
46161657	36708247	Is a	20170131	20991231	
46161657	37207390	Has CD category	20190731	20991231	
46161657	37209199	Is a	20190731	20991231	
46161657	37310858	Has AMP restr ind	20200309	20991231	
46161657	46091835	Is a	20150131	20991231	
46161657	46161657	Mapped from	20180731	20991231	
46161657	46161657	Maps to	20180731	20991231	
46161659	46024033	Has AMP	20150131	20991231	
46161659	46091835	Is a	20150131	20991231	
46161663	35607932	Has non-avail ind	20180731	20991231	
46161663	35626975	VMP has prescr stat	20180731	20991231	
46161663	35626985	Has legal category	20180731	20991231	
46161663	35626993	Has disc indicator	20180731	20991231	
46161663	36708270	Is a	20170131	20991231	
46161663	37207390	Has CD category	20190731	20991231	
46161663	37209199	Is a	20190731	20991231	
46161663	37310858	Has AMP restr ind	20200309	20991231	
46161663	46024037	Has AMP	20150131	20991231	
46161663	46091834	Is a	20150131	20991231	
46161663	46161663	Mapped from	20180731	20991231	
46161663	46161663	Maps to	20180731	20991231	
46161666	35607932	Has non-avail ind	20180731	20991231	
46161666	35626975	VMP has prescr stat	20180731	20991231	
46161666	35626985	Has legal category	20180731	20991231	
46161666	35626993	Has disc indicator	20180731	20991231	
46161666	36708250	Is a	20170131	20991231	
46161666	37207390	Has CD category	20190731	20991231	
46161666	37209199	Is a	20190731	20991231	
46161666	37310858	Has AMP restr ind	20200309	20991231	
46161666	46024040	Has AMP	20150131	20991231	
46161666	46091834	Is a	20150131	20991231	
46161666	46161666	Mapped from	20180731	20991231	
46161666	46161666	Maps to	20180731	20991231	
46161667	35607932	Has non-avail ind	20180731	20991231	
46161667	35626975	VMP has prescr stat	20180731	20991231	
46161667	35626985	Has legal category	20180731	20991231	
46161667	35626993	Has disc indicator	20180731	20991231	
46161667	36708250	Is a	20170131	20991231	
46161667	37207390	Has CD category	20190731	20991231	
46161667	37209199	Is a	20190731	20991231	
46161667	37310858	Has AMP restr ind	20200309	20991231	
46161667	46091834	Is a	20150131	20991231	
46161667	46161667	Mapped from	20180731	20991231	
46161667	46161667	Maps to	20180731	20991231	
46161669	35607932	Has non-avail ind	20180731	20991231	
46161669	35626975	VMP has prescr stat	20180731	20991231	
46161669	35626985	Has legal category	20180731	20991231	
46161669	35626993	Has disc indicator	20180731	20991231	
46161669	37207390	Has CD category	20190731	20991231	
46161669	37209199	Is a	20190731	20991231	
46161669	37310858	Has AMP restr ind	20200309	20991231	
46161669	46091834	Is a	20150131	20991231	
46161669	46161669	Mapped from	20180731	20991231	
46161669	46161669	Maps to	20180731	20991231	
46161670	35607932	Has non-avail ind	20180731	20991231	
46161670	35626975	VMP has prescr stat	20180731	20991231	
46161670	35626985	Has legal category	20180731	20991231	
46161670	35626993	Has disc indicator	20180731	20991231	
46161670	37207390	Has CD category	20190731	20991231	
46161670	37209199	Is a	20190731	20991231	
46161670	37310858	Has AMP restr ind	20200309	20991231	
46161670	46091835	Is a	20150131	20991231	
46161670	46161670	Mapped from	20180731	20991231	
46161670	46161670	Maps to	20180731	20991231	
46161671	35607932	Has non-avail ind	20180731	20991231	
46161671	35626975	VMP has prescr stat	20180731	20991231	
46161671	35626985	Has legal category	20180731	20991231	
46161671	35626993	Has disc indicator	20180731	20991231	
46161671	37207390	Has CD category	20190731	20991231	
46161671	37209199	Is a	20190731	20991231	
46161671	37310858	Has AMP restr ind	20200309	20991231	
46161671	46024045	Has AMP	20150131	20991231	
46161671	46091835	Is a	20150131	20991231	
46161671	46161671	Mapped from	20180731	20991231	
46161671	46161671	Maps to	20180731	20991231	
46161679	46091835	Is a	20150131	20991231	
46161680	35607932	Has non-avail ind	20180731	20991231	
46161680	35626975	VMP has prescr stat	20180731	20991231	
46161680	35626985	Has legal category	20180731	20991231	
46161680	35626993	Has disc indicator	20180731	20991231	
46161680	37207390	Has CD category	20190731	20991231	
46161680	37209199	Is a	20190731	20991231	
46161680	37310858	Has AMP restr ind	20200309	20991231	
46161680	46024054	Has AMP	20150131	20991231	
46161680	46091835	Is a	20150131	20991231	
46161680	46161680	Mapped from	20180731	20991231	
46161680	46161680	Maps to	20180731	20991231	
46161685	4193979	Has spec active ing	20180731	20991231	
46161685	4262538	Has spec active ing	20180731	20991231	
46161685	4298874	Has disp dose form	20180731	20991231	
46161685	35607932	Has non-avail ind	20180731	20991231	
46161685	35608652	Is a	20180731	20991231	
46161685	35626950	Has excipient	20180731	20991231	
46161685	35626973	VMP has prescr stat	20180731	20991231	
46161685	35626988	Has legal category	20180731	20991231	
46161685	35626992	Has disc indicator	20200309	20991231	
46161685	37207390	Has CD category	20190731	20991231	
46161685	37310858	Has AMP restr ind	20200309	20991231	
46161685	46024059	Has AMP	20150131	20991231	
46161686	4193979	Has spec active ing	20180731	20991231	
46161686	4262538	Has spec active ing	20180731	20991231	
46161686	4298874	Has disp dose form	20180731	20991231	
46161686	35608652	Is a	20180731	20991231	
46161686	35626950	Has excipient	20180731	20991231	
46161686	35626973	VMP has prescr stat	20180731	20991231	
46161686	35626980	Has non-avail ind	20200309	20991231	
46161686	35626988	Has legal category	20180731	20991231	
46161686	35626992	Has disc indicator	20200309	20991231	
46161686	37207390	Has CD category	20190731	20991231	
46161686	37310856	Has AMP restr ind	20200309	20991231	
46161686	46024060	Has AMP	20150131	20991231	
46161690	4193979	Has spec active ing	20180731	20991231	
46161690	4262538	Has spec active ing	20180731	20991231	
46161690	4298874	Has disp dose form	20180731	20991231	
46161690	35608652	Is a	20180731	20991231	
46161690	35626950	Has excipient	20180731	20991231	
46161690	35626973	VMP has prescr stat	20180731	20991231	
46161690	35626988	Has legal category	20180731	20991231	
46161690	35626992	Has disc indicator	20200309	20991231	
46161690	37207390	Has CD category	20190731	20991231	
46161690	37310858	Has AMP restr ind	20200309	20991231	
46161691	35607932	Has non-avail ind	20180731	20991231	
46161691	35608111	Has disp dose form	20190131	20991231	
46161691	35608652	Is a	20180731	20991231	
46161691	35626950	Has excipient	20180731	20991231	
46161691	35626973	VMP has prescr stat	20180731	20991231	
46161691	35626986	Has legal category	20180731	20991231	
46161691	35626993	Has disc indicator	20180731	20991231	
46161691	37207390	Has CD category	20190731	20991231	
46161691	37310857	Has AMP restr ind	20200309	20991231	
46161691	46024065	Has AMP	20150131	20991231	
46161691	46085554	Is a	20150131	20991231	
46161692	35607932	Has non-avail ind	20180731	20991231	
46161692	35608111	Has disp dose form	20190131	20991231	
46161692	35608652	Is a	20180731	20991231	
46161692	35626950	Has excipient	20180731	20991231	
46161692	35626973	VMP has prescr stat	20180731	20991231	
46161692	35626986	Has legal category	20180731	20991231	
46161692	35626993	Has disc indicator	20180731	20991231	
46161692	37207390	Has CD category	20190731	20991231	
46161692	37310857	Has AMP restr ind	20200309	20991231	
46161692	46085553	Is a	20150131	20991231	
46161694	35607932	Has non-avail ind	20180731	20991231	
46161694	35626975	VMP has prescr stat	20180731	20991231	
46161694	35626985	Has legal category	20180731	20991231	
46161694	35626993	Has disc indicator	20180731	20991231	
46161694	37207390	Has CD category	20190731	20991231	
46161694	37209199	Is a	20190731	20991231	
46161694	37310858	Has AMP restr ind	20200309	20991231	
46161694	46024067	Has AMP	20150131	20991231	
46161694	46091834	Is a	20150131	20991231	
46161694	46161694	Mapped from	20180731	20991231	
46161694	46161694	Maps to	20180731	20991231	
46161695	35607932	Has non-avail ind	20180731	20991231	
46161695	35626975	VMP has prescr stat	20180731	20991231	
46161695	35626985	Has legal category	20180731	20991231	
46161695	35626993	Has disc indicator	20180731	20991231	
46161695	37207390	Has CD category	20190731	20991231	
46161695	37209199	Is a	20190731	20991231	
46161695	37310858	Has AMP restr ind	20200309	20991231	
46161695	46024068	Has AMP	20150131	20991231	
46161695	46091834	Is a	20150131	20991231	
46161695	46161695	Mapped from	20180731	20991231	
46161695	46161695	Maps to	20180731	20991231	
46161697	35607932	Has non-avail ind	20180731	20991231	
46161697	35626975	VMP has prescr stat	20180731	20991231	
46161697	35626985	Has legal category	20180731	20991231	
46161697	35626993	Has disc indicator	20180731	20991231	
46161697	37207390	Has CD category	20190731	20991231	
46161697	37209199	Is a	20190731	20991231	
46161697	37310858	Has AMP restr ind	20200309	20991231	
46161697	46091834	Is a	20150131	20991231	
46161697	46161697	Mapped from	20180731	20991231	
46161697	46161697	Maps to	20180731	20991231	
46161702	35607932	Has non-avail ind	20180731	20991231	
46161702	35626975	VMP has prescr stat	20180731	20991231	
46161702	35626985	Has legal category	20180731	20991231	
46161702	35626993	Has disc indicator	20180731	20991231	
46161702	37207390	Has CD category	20190731	20991231	
46161702	37209199	Is a	20190731	20991231	
46161702	37310858	Has AMP restr ind	20200309	20991231	
46161702	46091834	Is a	20150131	20991231	
46161702	46161702	Mapped from	20180731	20991231	
46161702	46161702	Maps to	20180731	20991231	
46161706	35607932	Has non-avail ind	20180731	20991231	
46161706	35626975	VMP has prescr stat	20180731	20991231	
46161706	35626985	Has legal category	20180731	20991231	
46161706	35626993	Has disc indicator	20180731	20991231	
46161706	36708250	Is a	20170131	20991231	
46161706	37207390	Has CD category	20190731	20991231	
46161706	37209199	Is a	20190731	20991231	
46161706	37310858	Has AMP restr ind	20200309	20991231	
46161706	46024078	Has AMP	20150131	20991231	
46161706	46091834	Is a	20150131	20991231	
46161706	46161706	Mapped from	20180731	20991231	
46161706	46161706	Maps to	20180731	20991231	
46161707	35607932	Has non-avail ind	20180731	20991231	
46161707	35626975	VMP has prescr stat	20180731	20991231	
46161707	35626985	Has legal category	20180731	20991231	
46161707	35626993	Has disc indicator	20180731	20991231	
46161707	36708250	Is a	20170131	20991231	
46161707	37207390	Has CD category	20190731	20991231	
46161707	37209199	Is a	20190731	20991231	
46161707	37310858	Has AMP restr ind	20200309	20991231	
46161707	46091834	Is a	20150131	20991231	
46161707	46161707	Mapped from	20180731	20991231	
46161707	46161707	Maps to	20180731	20991231	
46161708	35607932	Has non-avail ind	20180731	20991231	
46161708	35626975	VMP has prescr stat	20180731	20991231	
46161708	35626985	Has legal category	20180731	20991231	
46161708	35626993	Has disc indicator	20180731	20991231	
46161708	37207390	Has CD category	20190731	20991231	
46161708	37209199	Is a	20190731	20991231	
46161708	37310858	Has AMP restr ind	20200309	20991231	
46161708	46091834	Is a	20150131	20991231	
46161708	46161708	Mapped from	20180731	20991231	
46161708	46161708	Maps to	20180731	20991231	
46161714	36708247	Is a	20170131	20991231	
46161714	46091835	Is a	20150131	20991231	
46161714	46161716	Concept replaced by	20180731	20991231	
46161714	46161716	Maps to	20180731	20991231	
46161716	35607932	Has non-avail ind	20180731	20991231	
46161716	35626975	VMP has prescr stat	20180731	20991231	
46161716	35626985	Has legal category	20180731	20991231	
46161716	35626993	Has disc indicator	20180731	20991231	
46161716	36708247	Is a	20170131	20991231	
46161716	37207390	Has CD category	20190731	20991231	
46161716	37209199	Is a	20190731	20991231	
46161716	37310858	Has AMP restr ind	20200309	20991231	
46161716	46091835	Is a	20150131	20991231	
46161716	46161714	Concept replaces	20180731	20991231	
46161716	46161714	Mapped from	20180731	20991231	
46161716	46161716	Mapped from	20180731	20991231	
46161716	46161716	Maps to	20180731	20991231	
46161717	35607932	Has non-avail ind	20180731	20991231	
46161717	35626975	VMP has prescr stat	20180731	20991231	
46161717	35626985	Has legal category	20180731	20991231	
46161717	35626993	Has disc indicator	20180731	20991231	
46161717	36708247	Is a	20170131	20991231	
46161717	37207390	Has CD category	20190731	20991231	
46161717	37209199	Is a	20190731	20991231	
46161717	37310858	Has AMP restr ind	20200309	20991231	
46161717	46024089	Has AMP	20150131	20991231	
46161717	46091835	Is a	20150131	20991231	
46161717	46161717	Mapped from	20180731	20991231	
46161717	46161717	Maps to	20180731	20991231	
46161718	46024090	Has AMP	20150131	20991231	
46161718	46091835	Is a	20150131	20991231	
46161720	35607932	Has non-avail ind	20180731	20991231	
46161720	35626975	VMP has prescr stat	20180731	20991231	
46161720	35626985	Has legal category	20180731	20991231	
46161720	35626993	Has disc indicator	20180731	20991231	
46161720	37207390	Has CD category	20190731	20991231	
46161720	37209199	Is a	20190731	20991231	
46161720	37310858	Has AMP restr ind	20200309	20991231	
46161720	46091835	Is a	20150131	20991231	
46161720	46161720	Mapped from	20180731	20991231	
46161720	46161720	Maps to	20180731	20991231	
46161723	35607932	Has non-avail ind	20180731	20991231	
46161723	35626975	VMP has prescr stat	20180731	20991231	
46161723	35626985	Has legal category	20180731	20991231	
46161723	35626993	Has disc indicator	20180731	20991231	
46161723	36708270	Is a	20170131	20991231	
46161723	37207390	Has CD category	20190731	20991231	
46161723	37209199	Is a	20190731	20991231	
46161723	37310858	Has AMP restr ind	20200309	20991231	
46161723	46024095	Has AMP	20150131	20991231	
46161723	46091834	Is a	20150131	20991231	
46161723	46161723	Mapped from	20180731	20991231	
46161723	46161723	Maps to	20180731	20991231	
46161724	35607932	Has non-avail ind	20180731	20991231	
46161724	35626975	VMP has prescr stat	20180731	20991231	
46161724	35626985	Has legal category	20180731	20991231	
46161724	35626993	Has disc indicator	20180731	20991231	
46161724	37207390	Has CD category	20190731	20991231	
46161724	37209199	Is a	20190731	20991231	
46161724	37310858	Has AMP restr ind	20200309	20991231	
46161724	46091834	Is a	20150131	20991231	
46161724	46161724	Mapped from	20180731	20991231	
46161724	46161724	Maps to	20180731	20991231	
46161725	35607932	Has non-avail ind	20180731	20991231	
46161725	35626975	VMP has prescr stat	20180731	20991231	
46161725	35626985	Has legal category	20180731	20991231	
46161725	35626993	Has disc indicator	20180731	20991231	
46161725	37207390	Has CD category	20190731	20991231	
46161725	37209199	Is a	20190731	20991231	
46161725	37310858	Has AMP restr ind	20200309	20991231	
46161725	46024097	Has AMP	20150131	20991231	
46161725	46091834	Is a	20150131	20991231	
46161725	46161725	Mapped from	20180731	20991231	
46161725	46161725	Maps to	20180731	20991231	
46161727	35607932	Has non-avail ind	20180731	20991231	
46161727	35626975	VMP has prescr stat	20180731	20991231	
46161727	35626985	Has legal category	20180731	20991231	
46161727	35626993	Has disc indicator	20180731	20991231	
46161727	36708250	Is a	20170131	20991231	
46161727	37207390	Has CD category	20190731	20991231	
46161727	37209199	Is a	20190731	20991231	
46161727	37310858	Has AMP restr ind	20200309	20991231	
46161727	46024099	Has AMP	20150131	20991231	
46161727	46091834	Is a	20150131	20991231	
46161727	46161727	Mapped from	20180731	20991231	
46161727	46161727	Maps to	20180731	20991231	
46161728	35607932	Has non-avail ind	20180731	20991231	
46161728	35626975	VMP has prescr stat	20180731	20991231	
46161728	35626985	Has legal category	20180731	20991231	
46161728	35626993	Has disc indicator	20180731	20991231	
46161728	37207390	Has CD category	20190731	20991231	
46161728	37209199	Is a	20190731	20991231	
46161728	37310858	Has AMP restr ind	20200309	20991231	
46161728	46024100	Has AMP	20150131	20991231	
46161728	46091834	Is a	20150131	20991231	
46161728	46161728	Mapped from	20180731	20991231	
46161728	46161728	Maps to	20180731	20991231	
46161735	36708247	Is a	20170131	20991231	
46161735	46024107	Has AMP	20150131	20991231	
46161735	46091835	Is a	20150131	20991231	
46161735	46161737	Concept replaced by	20180731	20991231	
46161735	46161737	Maps to	20180731	20991231	
46161736	35607932	Has non-avail ind	20180731	20991231	
46161736	35626975	VMP has prescr stat	20180731	20991231	
46161736	35626985	Has legal category	20180731	20991231	
46161736	35626993	Has disc indicator	20180731	20991231	
46161736	36708247	Is a	20170131	20991231	
46161736	37207390	Has CD category	20190731	20991231	
46161736	37209199	Is a	20190731	20991231	
46161736	37310858	Has AMP restr ind	20200309	20991231	
46161736	46091835	Is a	20150131	20991231	
46161736	46161736	Mapped from	20180731	20991231	
46161736	46161736	Maps to	20180731	20991231	
46161737	35607932	Has non-avail ind	20180731	20991231	
46161737	35626975	VMP has prescr stat	20180731	20991231	
46161737	35626985	Has legal category	20180731	20991231	
46161737	35626993	Has disc indicator	20180731	20991231	
46161737	36708247	Is a	20170131	20991231	
46161737	37207390	Has CD category	20190731	20991231	
46161737	37209199	Is a	20190731	20991231	
46161737	37310858	Has AMP restr ind	20200309	20991231	
46161737	46091835	Is a	20150131	20991231	
46161737	46161735	Concept replaces	20180731	20991231	
46161737	46161735	Mapped from	20180731	20991231	
46161737	46161737	Mapped from	20180731	20991231	
46161737	46161737	Maps to	20180731	20991231	
46161738	46091835	Is a	20150131	20991231	
46161741	35607932	Has non-avail ind	20180731	20991231	
46161741	35626975	VMP has prescr stat	20180731	20991231	
46161741	35626985	Has legal category	20180731	20991231	
46161741	35626993	Has disc indicator	20180731	20991231	
46161741	37207390	Has CD category	20190731	20991231	
46161741	37209199	Is a	20190731	20991231	
46161741	37310858	Has AMP restr ind	20200309	20991231	
46161741	46024113	Has AMP	20150131	20991231	
46161741	46091835	Is a	20150131	20991231	
46161741	46161741	Mapped from	20180731	20991231	
46161741	46161741	Maps to	20180731	20991231	
46161742	4298874	Has disp dose form	20180731	20991231	
46161742	35607932	Has non-avail ind	20180731	20991231	
46161742	35626975	VMP has prescr stat	20180731	20991231	
46161742	35626985	Has legal category	20180731	20991231	
46161742	35626993	Has disc indicator	20180731	20991231	
46161742	37207390	Has CD category	20190731	20991231	
46161742	37209199	Is a	20190731	20991231	
46161742	37310858	Has AMP restr ind	20200309	20991231	
46161742	46005271	Has AMP	20150131	20991231	
46161742	46085550	Is a	20150131	20991231	
46161742	46161742	Mapped from	20180731	20991231	
46161742	46161742	Maps to	20180731	20991231	
46161745	4298874	Has disp dose form	20180731	20991231	
46161745	35607932	Has non-avail ind	20180731	20991231	
46161745	35626975	VMP has prescr stat	20180731	20991231	
46161745	35626985	Has legal category	20180731	20991231	
46161745	35626993	Has disc indicator	20180731	20991231	
46161745	37207390	Has CD category	20190731	20991231	
46161745	37209199	Is a	20190731	20991231	
46161745	37310858	Has AMP restr ind	20200309	20991231	
46161745	46085550	Is a	20150131	20991231	
46161745	46161745	Mapped from	20180731	20991231	
46161745	46161745	Maps to	20180731	20991231	
46161747	35607932	Has non-avail ind	20180731	20991231	
46161747	35626975	VMP has prescr stat	20180731	20991231	
46161747	35626985	Has legal category	20180731	20991231	
46161747	35626993	Has disc indicator	20180731	20991231	
46161747	37207390	Has CD category	20190731	20991231	
46161747	37209199	Is a	20190731	20991231	
46161747	37310858	Has AMP restr ind	20200309	20991231	
46161747	46161747	Mapped from	20180731	20991231	
46161747	46161747	Maps to	20180731	20991231	
46161748	35607932	Has non-avail ind	20180731	20991231	
46161748	35626975	VMP has prescr stat	20180731	20991231	
46161748	35626985	Has legal category	20180731	20991231	
46161748	35626993	Has disc indicator	20180731	20991231	
46161748	37207390	Has CD category	20190731	20991231	
46161748	37209199	Is a	20190731	20991231	
46161748	37310858	Has AMP restr ind	20200309	20991231	
46161748	46024115	Has AMP	20150131	20991231	
46161748	46096360	Is a	20150131	20991231	
46161748	46161748	Mapped from	20180731	20991231	
46161748	46161748	Maps to	20180731	20991231	
46161749	35607932	Has non-avail ind	20180731	20991231	
46161749	35626975	VMP has prescr stat	20180731	20991231	
46161749	35626985	Has legal category	20180731	20991231	
46161749	35626993	Has disc indicator	20180731	20991231	
46161749	37207390	Has CD category	20190731	20991231	
46161749	37209199	Is a	20190731	20991231	
46161749	37310858	Has AMP restr ind	20200309	20991231	
46161749	46024116	Has AMP	20150131	20991231	
46161749	46161749	Mapped from	20180731	20991231	
46161749	46161749	Maps to	20180731	20991231	
46161752	35607932	Has non-avail ind	20180731	20991231	
46161752	35626975	VMP has prescr stat	20180731	20991231	
46161752	35626985	Has legal category	20180731	20991231	
46161752	35626993	Has disc indicator	20180731	20991231	
46161752	37207390	Has CD category	20190731	20991231	
46161752	37209199	Is a	20190731	20991231	
46161752	37310858	Has AMP restr ind	20200309	20991231	
46161752	46024119	Has AMP	20150131	20991231	
46161752	46096282	Is a	20150131	20991231	
46161752	46161752	Mapped from	20180731	20991231	
46161752	46161752	Maps to	20180731	20991231	
46161754	35607932	Has non-avail ind	20180731	20991231	
46161754	35626975	VMP has prescr stat	20180731	20991231	
46161754	35626985	Has legal category	20180731	20991231	
46161754	35626993	Has disc indicator	20180731	20991231	
46161754	37207390	Has CD category	20190731	20991231	
46161754	37209199	Is a	20190731	20991231	
46161754	37310858	Has AMP restr ind	20200309	20991231	
46161754	46096451	Is a	20150131	20991231	
46161754	46161754	Mapped from	20180731	20991231	
46161754	46161754	Maps to	20180731	20991231	
46161756	35607932	Has non-avail ind	20180731	20991231	
46161756	35626975	VMP has prescr stat	20180731	20991231	
46161756	35626985	Has legal category	20180731	20991231	
46161756	35626993	Has disc indicator	20180731	20991231	
46161756	37207390	Has CD category	20190731	20991231	
46161756	37209199	Is a	20190731	20991231	
46161756	37310858	Has AMP restr ind	20200309	20991231	
46161756	46024123	Has AMP	20150131	20991231	
46161756	46161756	Mapped from	20180731	20991231	
46161756	46161756	Maps to	20180731	20991231	
46161757	35607932	Has non-avail ind	20180731	20991231	
46161757	35626975	VMP has prescr stat	20180731	20991231	
46161757	35626985	Has legal category	20180731	20991231	
46161757	35626992	Has disc indicator	20180731	20991231	
46161757	37207390	Has CD category	20190731	20991231	
46161757	37209199	Is a	20190731	20991231	
46161757	37310856	Has AMP restr ind	20200309	20991231	
46161757	46096439	Is a	20150131	20991231	
46161757	46161757	Mapped from	20180731	20991231	
46161757	46161757	Maps to	20180731	20991231	
46161758	35607932	Has non-avail ind	20180731	20991231	
46161758	35626975	VMP has prescr stat	20180731	20991231	
46161758	35626985	Has legal category	20180731	20991231	
46161758	35626992	Has disc indicator	20180731	20991231	
46161758	37207390	Has CD category	20190731	20991231	
46161758	37209199	Is a	20190731	20991231	
46161758	37310856	Has AMP restr ind	20200309	20991231	
46161758	46024125	Has AMP	20150131	20991231	
46161758	46096383	Is a	20150131	20991231	
46161758	46161758	Mapped from	20180731	20991231	
46161758	46161758	Maps to	20180731	20991231	
46161762	35607932	Has non-avail ind	20180731	20991231	
46161762	35626975	VMP has prescr stat	20180731	20991231	
46161762	35626985	Has legal category	20180731	20991231	
46161762	35626993	Has disc indicator	20180731	20991231	
46161762	37207390	Has CD category	20190731	20991231	
46161762	37209199	Is a	20190731	20991231	
46161762	37310858	Has AMP restr ind	20200309	20991231	
46161762	46161762	Mapped from	20180731	20991231	
46161762	46161762	Maps to	20180731	20991231	
46161763	35607932	Has non-avail ind	20180731	20991231	
46161763	35626975	VMP has prescr stat	20180731	20991231	
46161763	35626985	Has legal category	20180731	20991231	
46161763	35626993	Has disc indicator	20180731	20991231	
46161763	37207390	Has CD category	20190731	20991231	
46161763	37209199	Is a	20190731	20991231	
46161763	37310858	Has AMP restr ind	20200309	20991231	
46161763	46024128	Has AMP	20150131	20991231	
46161763	46104174	Is a	20150131	20991231	
46161763	46161763	Mapped from	20180731	20991231	
46161763	46161763	Maps to	20180731	20991231	
46161764	35607932	Has non-avail ind	20180731	20991231	
46161764	35626975	VMP has prescr stat	20180731	20991231	
46161764	35626985	Has legal category	20180731	20991231	
46161764	35626993	Has disc indicator	20180731	20991231	
46161764	37207390	Has CD category	20190731	20991231	
46161764	37209199	Is a	20190731	20991231	
46161764	37310858	Has AMP restr ind	20200309	20991231	
46161764	46024128	Has AMP	20150131	20991231	
46161764	46161764	Mapped from	20180731	20991231	
46161764	46161764	Maps to	20180731	20991231	
46161766	35607932	Has non-avail ind	20180731	20991231	
46161766	35626975	VMP has prescr stat	20180731	20991231	
46161766	35626985	Has legal category	20180731	20991231	
46161766	35626993	Has disc indicator	20180731	20991231	
46161766	37207390	Has CD category	20190731	20991231	
46161766	37209199	Is a	20190731	20991231	
46161766	37310858	Has AMP restr ind	20200309	20991231	
46161766	46095480	Is a	20150131	20991231	
46161766	46161766	Mapped from	20180731	20991231	
46161766	46161766	Maps to	20180731	20991231	
46161767	35626975	VMP has prescr stat	20180731	20991231	
46161767	35626985	Has legal category	20180731	20991231	
46161767	35626993	Has disc indicator	20180731	20991231	
46161767	37207390	Has CD category	20190731	20991231	
46161767	37209199	Is a	20190731	20991231	
46161767	37310858	Has AMP restr ind	20200309	20991231	
46161767	46024130	Has AMP	20150131	20991231	
46161767	46104175	Is a	20150131	20991231	
46161767	46161767	Mapped from	20180731	20991231	
46161767	46161767	Maps to	20180731	20991231	
46161769	35607932	Has non-avail ind	20180731	20991231	
46161769	35626975	VMP has prescr stat	20180731	20991231	
46161769	35626985	Has legal category	20180731	20991231	
46161769	35626993	Has disc indicator	20180731	20991231	
46161769	37207390	Has CD category	20190731	20991231	
46161769	37209199	Is a	20190731	20991231	
46161769	37310858	Has AMP restr ind	20200309	20991231	
46161769	46104174	Is a	20150131	20991231	
46161769	46161769	Mapped from	20180731	20991231	
46161769	46161769	Maps to	20180731	20991231	
46161770	35607932	Has non-avail ind	20180731	20991231	
46161770	35626975	VMP has prescr stat	20180731	20991231	
46161770	35626985	Has legal category	20180731	20991231	
46161770	35626993	Has disc indicator	20180731	20991231	
46161770	37207390	Has CD category	20190731	20991231	
46161770	37209199	Is a	20190731	20991231	
46161770	37310858	Has AMP restr ind	20200309	20991231	
46161770	46085546	Is a	20150131	20991231	
46161770	46161770	Mapped from	20180731	20991231	
46161770	46161770	Maps to	20180731	20991231	
46161776	35607932	Has non-avail ind	20180731	20991231	
46161776	35626975	VMP has prescr stat	20180731	20991231	
46161776	35626985	Has legal category	20180731	20991231	
46161776	35626993	Has disc indicator	20180731	20991231	
46161776	37207390	Has CD category	20190731	20991231	
46161776	37209199	Is a	20190731	20991231	
46161776	37310858	Has AMP restr ind	20200309	20991231	
46161776	46024134	Has AMP	20150131	20991231	
46161776	46161776	Mapped from	20180731	20991231	
46161776	46161776	Maps to	20180731	20991231	
46161778	35607932	Has non-avail ind	20180731	20991231	
46161778	35626975	VMP has prescr stat	20180731	20991231	
46161778	35626985	Has legal category	20180731	20991231	
46161778	35626993	Has disc indicator	20180731	20991231	
46161778	37207390	Has CD category	20190731	20991231	
46161778	37209199	Is a	20190731	20991231	
46161778	37310858	Has AMP restr ind	20200309	20991231	
46161778	46088136	Is a	20150131	20991231	
46161778	46161778	Mapped from	20180731	20991231	
46161778	46161778	Maps to	20180731	20991231	
46161779	35607932	Has non-avail ind	20180731	20991231	
46161779	35626975	VMP has prescr stat	20180731	20991231	
46161779	35626985	Has legal category	20180731	20991231	
46161779	35626993	Has disc indicator	20180731	20991231	
46161779	37207390	Has CD category	20190731	20991231	
46161779	37209199	Is a	20190731	20991231	
46161779	37310858	Has AMP restr ind	20200309	20991231	
46161779	46161779	Mapped from	20180731	20991231	
46161779	46161779	Maps to	20180731	20991231	
46161780	35607932	Has non-avail ind	20180731	20991231	
46161780	35626975	VMP has prescr stat	20180731	20991231	
46161780	35626985	Has legal category	20180731	20991231	
46161780	35626993	Has disc indicator	20180731	20991231	
46161780	37207390	Has CD category	20190731	20991231	
46161780	37209199	Is a	20190731	20991231	
46161780	37310858	Has AMP restr ind	20200309	20991231	
46161780	46161780	Mapped from	20180731	20991231	
46161780	46161780	Maps to	20180731	20991231	
46161782	35607932	Has non-avail ind	20180731	20991231	
46161782	35626975	VMP has prescr stat	20180731	20991231	
46161782	35626985	Has legal category	20180731	20991231	
46161782	35626993	Has disc indicator	20180731	20991231	
46161782	37207390	Has CD category	20190731	20991231	
46161782	37209199	Is a	20190731	20991231	
46161782	37310858	Has AMP restr ind	20200309	20991231	
46161782	46024137	Has AMP	20150131	20991231	
46161782	46161782	Mapped from	20180731	20991231	
46161782	46161782	Maps to	20180731	20991231	
46161784	35607932	Has non-avail ind	20180731	20991231	
46161784	35626975	VMP has prescr stat	20180731	20991231	
46161784	35626985	Has legal category	20180731	20991231	
46161784	35626993	Has disc indicator	20180731	20991231	
46161784	37207390	Has CD category	20190731	20991231	
46161784	37209199	Is a	20190731	20991231	
46161784	37310858	Has AMP restr ind	20200309	20991231	
46161784	46095401	Is a	20150131	20991231	
46161784	46161784	Mapped from	20180731	20991231	
46161784	46161784	Maps to	20180731	20991231	
46161785	35607932	Has non-avail ind	20180731	20991231	
46161785	35626975	VMP has prescr stat	20180731	20991231	
46161785	35626985	Has legal category	20180731	20991231	
46161785	35626993	Has disc indicator	20180731	20991231	
46161785	37207390	Has CD category	20190731	20991231	
46161785	37209199	Is a	20190731	20991231	
46161785	37310858	Has AMP restr ind	20200309	20991231	
46161785	46161785	Mapped from	20180731	20991231	
46161785	46161785	Maps to	20180731	20991231	
46161786	35607932	Has non-avail ind	20180731	20991231	
46161786	35626975	VMP has prescr stat	20180731	20991231	
46161786	35626985	Has legal category	20180731	20991231	
46161786	35626993	Has disc indicator	20180731	20991231	
46161786	37207390	Has CD category	20190731	20991231	
46161786	37209199	Is a	20190731	20991231	
46161786	37310858	Has AMP restr ind	20200309	20991231	
46161786	46161786	Mapped from	20180731	20991231	
46161786	46161786	Maps to	20180731	20991231	
46161788	35607932	Has non-avail ind	20180731	20991231	
46161788	35626975	VMP has prescr stat	20180731	20991231	
46161788	35626985	Has legal category	20180731	20991231	
46161788	35626993	Has disc indicator	20180731	20991231	
46161788	37207390	Has CD category	20190731	20991231	
46161788	37209199	Is a	20190731	20991231	
46161788	37310858	Has AMP restr ind	20200309	20991231	
46161788	46161788	Mapped from	20180731	20991231	
46161788	46161788	Maps to	20180731	20991231	
46161790	35607932	Has non-avail ind	20180731	20991231	
46161790	35626975	VMP has prescr stat	20180731	20991231	
46161790	35626985	Has legal category	20180731	20991231	
46161790	35626993	Has disc indicator	20180731	20991231	
46161790	37207390	Has CD category	20190731	20991231	
46161790	37209199	Is a	20190731	20991231	
46161790	37310858	Has AMP restr ind	20200309	20991231	
46161790	46161790	Mapped from	20180731	20991231	
46161790	46161790	Maps to	20180731	20991231	
46161794	35607932	Has non-avail ind	20180731	20991231	
46161794	35626975	VMP has prescr stat	20180731	20991231	
46161794	35626985	Has legal category	20180731	20991231	
46161794	35626993	Has disc indicator	20180731	20991231	
46161794	37207390	Has CD category	20190731	20991231	
46161794	37209199	Is a	20190731	20991231	
46161794	37310858	Has AMP restr ind	20200309	20991231	
46161794	46024143	Has AMP	20150131	20991231	
46161794	46085542	Is a	20150131	20991231	
46161794	46161794	Mapped from	20180731	20991231	
46161794	46161794	Maps to	20180731	20991231	
46161796	35607932	Has non-avail ind	20180731	20991231	
46161796	35626975	VMP has prescr stat	20180731	20991231	
46161796	35626985	Has legal category	20180731	20991231	
46161796	35626993	Has disc indicator	20180731	20991231	
46161796	37207390	Has CD category	20190731	20991231	
46161796	37209199	Is a	20190731	20991231	
46161796	37310858	Has AMP restr ind	20200309	20991231	
46161796	46161796	Mapped from	20180731	20991231	
46161796	46161796	Maps to	20180731	20991231	
46161797	35607932	Has non-avail ind	20180731	20991231	
46161797	35626975	VMP has prescr stat	20180731	20991231	
46161797	35626985	Has legal category	20180731	20991231	
46161797	35626993	Has disc indicator	20180731	20991231	
46161797	37207390	Has CD category	20190731	20991231	
46161797	37209199	Is a	20190731	20991231	
46161797	37310858	Has AMP restr ind	20200309	20991231	
46161797	46024145	Has AMP	20150131	20991231	
46161797	46085541	Is a	20150131	20991231	
46161797	46161797	Mapped from	20180731	20991231	
46161797	46161797	Maps to	20180731	20991231	
46161800	35607932	Has non-avail ind	20180731	20991231	
46161800	35626975	VMP has prescr stat	20180731	20991231	
46161800	35626985	Has legal category	20180731	20991231	
46161800	35626993	Has disc indicator	20180731	20991231	
46161800	36708290	Is a	20170131	20991231	
46161800	37207390	Has CD category	20190731	20991231	
46161800	37209199	Is a	20190731	20991231	
46161800	37310858	Has AMP restr ind	20200309	20991231	
46161800	46091835	Is a	20150131	20991231	
46161800	46161800	Mapped from	20180731	20991231	
46161800	46161800	Maps to	20180731	20991231	
46161804	35607932	Has non-avail ind	20180731	20991231	
46161804	35626975	VMP has prescr stat	20180731	20991231	
46161804	35626985	Has legal category	20180731	20991231	
46161804	35626993	Has disc indicator	20180731	20991231	
46161804	37207390	Has CD category	20190731	20991231	
46161804	37209199	Is a	20190731	20991231	
46161804	37310858	Has AMP restr ind	20200309	20991231	
46161804	46091835	Is a	20150131	20991231	
46161804	46161804	Mapped from	20180731	20991231	
46161804	46161804	Maps to	20180731	20991231	
46161806	35607932	Has non-avail ind	20180731	20991231	
46161806	35626975	VMP has prescr stat	20180731	20991231	
46161806	35626985	Has legal category	20180731	20991231	
46161806	35626993	Has disc indicator	20180731	20991231	
46161806	37207390	Has CD category	20190731	20991231	
46161806	37209199	Is a	20190731	20991231	
46161806	37310858	Has AMP restr ind	20200309	20991231	
46161806	46091835	Is a	20150131	20991231	
46161806	46161806	Mapped from	20180731	20991231	
46161806	46161806	Maps to	20180731	20991231	
46161808	35607932	Has non-avail ind	20180731	20991231	
46161808	35626975	VMP has prescr stat	20180731	20991231	
46161808	35626985	Has legal category	20180731	20991231	
46161808	35626993	Has disc indicator	20180731	20991231	
46161808	36708283	Is a	20170131	20991231	
46161808	37207390	Has CD category	20190731	20991231	
46161808	37209199	Is a	20190731	20991231	
46161808	37310858	Has AMP restr ind	20200309	20991231	
46161808	46091835	Is a	20150131	20991231	
46161808	46161808	Mapped from	20180731	20991231	
46161808	46161808	Maps to	20180731	20991231	
46161809	35607932	Has non-avail ind	20180731	20991231	
46161809	35626975	VMP has prescr stat	20180731	20991231	
46161809	35626985	Has legal category	20180731	20991231	
46161809	35626993	Has disc indicator	20180731	20991231	
46161809	36708282	Is a	20170131	20991231	
46161809	37207390	Has CD category	20190731	20991231	
46161809	37209199	Is a	20190731	20991231	
46161809	37310858	Has AMP restr ind	20200309	20991231	
46161809	46091835	Is a	20150131	20991231	
46161809	46161809	Mapped from	20180731	20991231	
46161809	46161809	Maps to	20180731	20991231	
46161811	35607932	Has non-avail ind	20180731	20991231	
46161811	35626975	VMP has prescr stat	20180731	20991231	
46161811	35626985	Has legal category	20180731	20991231	
46161811	35626993	Has disc indicator	20180731	20991231	
46161811	37207390	Has CD category	20190731	20991231	
46161811	37209199	Is a	20190731	20991231	
46161811	37310858	Has AMP restr ind	20200309	20991231	
46161811	46091835	Is a	20150131	20991231	
46161811	46161811	Mapped from	20180731	20991231	
46161811	46161811	Maps to	20180731	20991231	
46161812	35607932	Has non-avail ind	20180731	20991231	
46161812	35626975	VMP has prescr stat	20180731	20991231	
46161812	35626985	Has legal category	20180731	20991231	
46161812	35626993	Has disc indicator	20180731	20991231	
46161812	37207390	Has CD category	20190731	20991231	
46161812	37209199	Is a	20190731	20991231	
46161812	37310858	Has AMP restr ind	20200309	20991231	
46161812	46024159	Has AMP	20150131	20991231	
46161812	46091835	Is a	20150131	20991231	
46161812	46161812	Mapped from	20180731	20991231	
46161812	46161812	Maps to	20180731	20991231	
46161814	35607932	Has non-avail ind	20180731	20991231	
46161814	35626975	VMP has prescr stat	20180731	20991231	
46161814	35626985	Has legal category	20180731	20991231	
46161814	35626993	Has disc indicator	20180731	20991231	
46161814	37207390	Has CD category	20190731	20991231	
46161814	37209199	Is a	20190731	20991231	
46161814	37310858	Has AMP restr ind	20200309	20991231	
46161814	46024161	Has AMP	20150131	20991231	
46161814	46091835	Is a	20150131	20991231	
46161814	46161814	Mapped from	20180731	20991231	
46161814	46161814	Maps to	20180731	20991231	
46161815	35607932	Has non-avail ind	20180731	20991231	
46161815	35626975	VMP has prescr stat	20180731	20991231	
46161815	35626985	Has legal category	20180731	20991231	
46161815	35626993	Has disc indicator	20180731	20991231	
46161815	36708290	Is a	20170131	20991231	
46161815	37207390	Has CD category	20190731	20991231	
46161815	37209199	Is a	20190731	20991231	
46161815	37310858	Has AMP restr ind	20200309	20991231	
46161815	46091835	Is a	20150131	20991231	
46161815	46161815	Mapped from	20180731	20991231	
46161815	46161815	Maps to	20180731	20991231	
46161817	35607932	Has non-avail ind	20180731	20991231	
46161817	35626975	VMP has prescr stat	20180731	20991231	
46161817	35626985	Has legal category	20180731	20991231	
46161817	35626993	Has disc indicator	20180731	20991231	
46161817	36708287	Is a	20170131	20991231	
46161817	37207390	Has CD category	20190731	20991231	
46161817	37209199	Is a	20190731	20991231	
46161817	37310858	Has AMP restr ind	20200309	20991231	
46161817	46024164	Has AMP	20150131	20991231	
46161817	46091835	Is a	20150131	20991231	
46161817	46161817	Mapped from	20180731	20991231	
46161817	46161817	Maps to	20180731	20991231	
46161818	35607932	Has non-avail ind	20180731	20991231	
46161818	35626975	VMP has prescr stat	20180731	20991231	
46161818	35626985	Has legal category	20180731	20991231	
46161818	35626993	Has disc indicator	20180731	20991231	
46161818	36708287	Is a	20170131	20991231	
46161818	37207390	Has CD category	20190731	20991231	
46161818	37209199	Is a	20190731	20991231	
46161818	37310858	Has AMP restr ind	20200309	20991231	
46161818	46024165	Has AMP	20150131	20991231	
46161818	46091835	Is a	20150131	20991231	
46161818	46161818	Mapped from	20180731	20991231	
46161818	46161818	Maps to	20180731	20991231	
46161819	35607932	Has non-avail ind	20180731	20991231	
46161819	35626975	VMP has prescr stat	20180731	20991231	
46161819	35626985	Has legal category	20180731	20991231	
46161819	35626993	Has disc indicator	20180731	20991231	
46161819	37207390	Has CD category	20190731	20991231	
46161819	37209199	Is a	20190731	20991231	
46161819	37310858	Has AMP restr ind	20200309	20991231	
46161819	46024166	Has AMP	20150131	20991231	
46161819	46091835	Is a	20150131	20991231	
46161819	46161819	Mapped from	20180731	20991231	
46161819	46161819	Maps to	20180731	20991231	
46161821	35607932	Has non-avail ind	20180731	20991231	
46161821	35626975	VMP has prescr stat	20180731	20991231	
46161821	35626985	Has legal category	20180731	20991231	
46161821	35626993	Has disc indicator	20180731	20991231	
46161821	37207390	Has CD category	20190731	20991231	
46161821	37209199	Is a	20190731	20991231	
46161821	37310858	Has AMP restr ind	20200309	20991231	
46161821	46091835	Is a	20150131	20991231	
46161821	46161821	Mapped from	20180731	20991231	
46161821	46161821	Maps to	20180731	20991231	
46161822	35607932	Has non-avail ind	20180731	20991231	
46161822	35626975	VMP has prescr stat	20180731	20991231	
46161822	35626985	Has legal category	20180731	20991231	
46161822	35626993	Has disc indicator	20180731	20991231	
46161822	37207390	Has CD category	20190731	20991231	
46161822	37209199	Is a	20190731	20991231	
46161822	37310858	Has AMP restr ind	20200309	20991231	
46161822	46024169	Has AMP	20150131	20991231	
46161822	46091835	Is a	20150131	20991231	
46161822	46161822	Mapped from	20180731	20991231	
46161822	46161822	Maps to	20180731	20991231	
46161823	35607932	Has non-avail ind	20180731	20991231	
46161823	35626975	VMP has prescr stat	20180731	20991231	
46161823	35626985	Has legal category	20180731	20991231	
46161823	35626993	Has disc indicator	20180731	20991231	
46161823	36708283	Is a	20170131	20991231	
46161823	37207390	Has CD category	20190731	20991231	
46161823	37209199	Is a	20190731	20991231	
46161823	37310858	Has AMP restr ind	20200309	20991231	
46161823	46091835	Is a	20150131	20991231	
46161823	46161823	Mapped from	20180731	20991231	
46161823	46161823	Maps to	20180731	20991231	
46161824	35607932	Has non-avail ind	20180731	20991231	
46161824	35626975	VMP has prescr stat	20180731	20991231	
46161824	35626985	Has legal category	20180731	20991231	
46161824	35626993	Has disc indicator	20180731	20991231	
46161824	36708283	Is a	20170131	20991231	
46161824	37207390	Has CD category	20190731	20991231	
46161824	37209199	Is a	20190731	20991231	
46161824	37310858	Has AMP restr ind	20200309	20991231	
46161824	46024171	Has AMP	20150131	20991231	
46161824	46091835	Is a	20150131	20991231	
46161824	46161824	Mapped from	20180731	20991231	
46161824	46161824	Maps to	20180731	20991231	
46161826	35607932	Has non-avail ind	20180731	20991231	
46161826	35626975	VMP has prescr stat	20180731	20991231	
46161826	35626985	Has legal category	20180731	20991231	
46161826	35626993	Has disc indicator	20180731	20991231	
46161826	36708282	Is a	20170131	20991231	
46161826	37207390	Has CD category	20190731	20991231	
46161826	37209199	Is a	20190731	20991231	
46161826	37310858	Has AMP restr ind	20200309	20991231	
46161826	46024173	Has AMP	20150131	20991231	
46161826	46091835	Is a	20150131	20991231	
46161826	46161826	Mapped from	20180731	20991231	
46161826	46161826	Maps to	20180731	20991231	
46161829	35607932	Has non-avail ind	20180731	20991231	
46161829	35626975	VMP has prescr stat	20180731	20991231	
46161829	35626985	Has legal category	20180731	20991231	
46161829	35626993	Has disc indicator	20180731	20991231	
46161829	37207390	Has CD category	20190731	20991231	
46161829	37209199	Is a	20190731	20991231	
46161829	37310858	Has AMP restr ind	20200309	20991231	
46161829	46091835	Is a	20150131	20991231	
46161829	46161829	Mapped from	20180731	20991231	
46161829	46161829	Maps to	20180731	20991231	
46161830	35607932	Has non-avail ind	20180731	20991231	
46161830	35626975	VMP has prescr stat	20180731	20991231	
46161830	35626985	Has legal category	20180731	20991231	
46161830	35626993	Has disc indicator	20180731	20991231	
46161830	37207390	Has CD category	20190731	20991231	
46161830	37209199	Is a	20190731	20991231	
46161830	37310858	Has AMP restr ind	20200309	20991231	
46161830	46024177	Has AMP	20150131	20991231	
46161830	46091835	Is a	20150131	20991231	
46161830	46161830	Mapped from	20180731	20991231	
46161830	46161830	Maps to	20180731	20991231	
46161831	35607932	Has non-avail ind	20180731	20991231	
46161831	35626975	VMP has prescr stat	20180731	20991231	
46161831	35626985	Has legal category	20180731	20991231	
46161831	35626993	Has disc indicator	20180731	20991231	
46161831	36708290	Is a	20170131	20991231	
46161831	37207390	Has CD category	20190731	20991231	
46161831	37209199	Is a	20190731	20991231	
46161831	37310858	Has AMP restr ind	20200309	20991231	
46161831	46024178	Has AMP	20150131	20991231	
46161831	46091835	Is a	20150131	20991231	
46161831	46161831	Mapped from	20180731	20991231	
46161831	46161831	Maps to	20180731	20991231	
46161832	35607932	Has non-avail ind	20180731	20991231	
46161832	35626975	VMP has prescr stat	20180731	20991231	
46161832	35626985	Has legal category	20180731	20991231	
46161832	35626993	Has disc indicator	20180731	20991231	
46161832	36708290	Is a	20170131	20991231	
46161832	37207390	Has CD category	20190731	20991231	
46161832	37209199	Is a	20190731	20991231	
46161832	37310858	Has AMP restr ind	20200309	20991231	
46161832	46024179	Has AMP	20150131	20991231	
46161832	46091835	Is a	20150131	20991231	
46161832	46161832	Mapped from	20180731	20991231	
46161832	46161832	Maps to	20180731	20991231	
46161833	35607932	Has non-avail ind	20180731	20991231	
46161833	35626975	VMP has prescr stat	20180731	20991231	
46161833	35626985	Has legal category	20180731	20991231	
46161833	35626993	Has disc indicator	20180731	20991231	
46161833	36708287	Is a	20170131	20991231	
46161833	37207390	Has CD category	20190731	20991231	
46161833	37209199	Is a	20190731	20991231	
46161833	37310858	Has AMP restr ind	20200309	20991231	
46161833	46091835	Is a	20150131	20991231	
46161833	46161833	Mapped from	20180731	20991231	
46161833	46161833	Maps to	20180731	20991231	
46161835	35607932	Has non-avail ind	20180731	20991231	
46161835	35626975	VMP has prescr stat	20180731	20991231	
46161835	35626985	Has legal category	20180731	20991231	
46161835	35626993	Has disc indicator	20180731	20991231	
46161835	37207390	Has CD category	20190731	20991231	
46161835	37209199	Is a	20190731	20991231	
46161835	37310858	Has AMP restr ind	20200309	20991231	
46161835	46024182	Has AMP	20150131	20991231	
46161835	46091835	Is a	20150131	20991231	
46161835	46161835	Mapped from	20180731	20991231	
46161835	46161835	Maps to	20180731	20991231	
46161837	35607932	Has non-avail ind	20180731	20991231	
46161837	35626975	VMP has prescr stat	20180731	20991231	
46161837	35626985	Has legal category	20180731	20991231	
46161837	35626993	Has disc indicator	20180731	20991231	
46161837	37207390	Has CD category	20190731	20991231	
46161837	37209199	Is a	20190731	20991231	
46161837	37310858	Has AMP restr ind	20200309	20991231	
46161837	46024184	Has AMP	20150131	20991231	
46161837	46091835	Is a	20150131	20991231	
46161837	46161837	Mapped from	20180731	20991231	
46161837	46161837	Maps to	20180731	20991231	
46161839	35607932	Has non-avail ind	20180731	20991231	
46161839	35626975	VMP has prescr stat	20180731	20991231	
46161839	35626985	Has legal category	20180731	20991231	
46161839	35626993	Has disc indicator	20180731	20991231	
46161839	36708283	Is a	20170131	20991231	
46161839	37207390	Has CD category	20190731	20991231	
46161839	37209199	Is a	20190731	20991231	
46161839	37310858	Has AMP restr ind	20200309	20991231	
46161839	46024186	Has AMP	20150131	20991231	
46161839	46091835	Is a	20150131	20991231	
46161839	46161839	Mapped from	20180731	20991231	
46161839	46161839	Maps to	20180731	20991231	
46161840	35607932	Has non-avail ind	20180731	20991231	
46161840	35626975	VMP has prescr stat	20180731	20991231	
46161840	35626985	Has legal category	20180731	20991231	
46161840	35626993	Has disc indicator	20180731	20991231	
46161840	36708283	Is a	20170131	20991231	
46161840	37207390	Has CD category	20190731	20991231	
46161840	37209199	Is a	20190731	20991231	
46161840	37310858	Has AMP restr ind	20200309	20991231	
46161840	46091835	Is a	20150131	20991231	
46161840	46161840	Mapped from	20180731	20991231	
46161840	46161840	Maps to	20180731	20991231	
46161842	35607932	Has non-avail ind	20180731	20991231	
46161842	35626975	VMP has prescr stat	20180731	20991231	
46161842	35626985	Has legal category	20180731	20991231	
46161842	35626993	Has disc indicator	20180731	20991231	
46161842	36708282	Is a	20170131	20991231	
46161842	37207390	Has CD category	20190731	20991231	
46161842	37209199	Is a	20190731	20991231	
46161842	37310858	Has AMP restr ind	20200309	20991231	
46161842	46024189	Has AMP	20150131	20991231	
46161842	46091835	Is a	20150131	20991231	
46161842	46161842	Mapped from	20180731	20991231	
46161842	46161842	Maps to	20180731	20991231	
46161843	35607932	Has non-avail ind	20180731	20991231	
46161843	35626975	VMP has prescr stat	20180731	20991231	
46161843	35626985	Has legal category	20180731	20991231	
46161843	35626993	Has disc indicator	20180731	20991231	
46161843	37207390	Has CD category	20190731	20991231	
46161843	37209199	Is a	20190731	20991231	
46161843	37310858	Has AMP restr ind	20200309	20991231	
46161843	46024190	Has AMP	20150131	20991231	
46161843	46091835	Is a	20150131	20991231	
46161843	46161843	Mapped from	20180731	20991231	
46161843	46161843	Maps to	20180731	20991231	
46161844	35607932	Has non-avail ind	20180731	20991231	
46161844	35626975	VMP has prescr stat	20180731	20991231	
46161844	35626985	Has legal category	20180731	20991231	
46161844	35626993	Has disc indicator	20180731	20991231	
46161844	37207390	Has CD category	20190731	20991231	
46161844	37209199	Is a	20190731	20991231	
46161844	37310858	Has AMP restr ind	20200309	20991231	
46161844	46024191	Has AMP	20150131	20991231	
46161844	46091835	Is a	20150131	20991231	
46161844	46161844	Mapped from	20180731	20991231	
46161844	46161844	Maps to	20180731	20991231	
46161845	35607932	Has non-avail ind	20180731	20991231	
46161845	35626975	VMP has prescr stat	20180731	20991231	
46161845	35626985	Has legal category	20180731	20991231	
46161845	35626993	Has disc indicator	20180731	20991231	
46161845	37207390	Has CD category	20190731	20991231	
46161845	37209199	Is a	20190731	20991231	
46161845	37310858	Has AMP restr ind	20200309	20991231	
46161845	46091835	Is a	20150131	20991231	
46161845	46161845	Mapped from	20180731	20991231	
46161845	46161845	Maps to	20180731	20991231	
46161851	35607932	Has non-avail ind	20180731	20991231	
46161851	35626975	VMP has prescr stat	20180731	20991231	
46161851	35626985	Has legal category	20180731	20991231	
46161851	35626993	Has disc indicator	20180731	20991231	
46161851	37207390	Has CD category	20190731	20991231	
46161851	37209199	Is a	20190731	20991231	
46161851	37310858	Has AMP restr ind	20200309	20991231	
46161851	46085537	Is a	20150131	20991231	
46161851	46161851	Mapped from	20180731	20991231	
46161851	46161851	Maps to	20180731	20991231	
46161852	35607932	Has non-avail ind	20180731	20991231	
46161852	35608652	Is a	20180731	20991231	
46161852	35626950	Has excipient	20180731	20991231	
46161852	35626973	VMP has prescr stat	20180731	20991231	
46161852	35626985	Has legal category	20180731	20991231	
46161852	35626993	Has disc indicator	20180731	20991231	
46161852	37207390	Has CD category	20190731	20991231	
46161852	37310858	Has AMP restr ind	20200309	20991231	
46161852	46086166	Is a	20150131	20991231	
46161859	35607932	Has non-avail ind	20180731	20991231	
46161859	35626975	VMP has prescr stat	20180731	20991231	
46161859	35626985	Has legal category	20180731	20991231	
46161859	35626993	Has disc indicator	20180731	20991231	
46161859	37207390	Has CD category	20190731	20991231	
46161859	37209199	Is a	20190731	20991231	
46161859	37310858	Has AMP restr ind	20200309	20991231	
46161859	46161859	Mapped from	20180731	20991231	
46161859	46161859	Maps to	20180731	20991231	
46161860	35607932	Has non-avail ind	20180731	20991231	
46161860	35626975	VMP has prescr stat	20180731	20991231	
46161860	35626985	Has legal category	20180731	20991231	
46161860	35626993	Has disc indicator	20180731	20991231	
46161860	37207390	Has CD category	20190731	20991231	
46161860	37209199	Is a	20190731	20991231	
46161860	37310858	Has AMP restr ind	20200309	20991231	
46161860	46085533	Is a	20150131	20991231	
46161860	46161860	Mapped from	20180731	20991231	
46161860	46161860	Maps to	20180731	20991231	
46161863	35607932	Has non-avail ind	20180731	20991231	
46161863	35626975	VMP has prescr stat	20180731	20991231	
46161863	35626985	Has legal category	20180731	20991231	
46161863	35626993	Has disc indicator	20180731	20991231	
46161863	37207390	Has CD category	20190731	20991231	
46161863	37209199	Is a	20190731	20991231	
46161863	37310858	Has AMP restr ind	20200309	20991231	
46161863	46024201	Has AMP	20150131	20991231	
46161863	46161863	Mapped from	20180731	20991231	
46161863	46161863	Maps to	20180731	20991231	
46161865	35607932	Has non-avail ind	20180731	20991231	
46161865	35626975	VMP has prescr stat	20180731	20991231	
46161865	35626985	Has legal category	20180731	20991231	
46161865	35626993	Has disc indicator	20180731	20991231	
46161865	37207390	Has CD category	20190731	20991231	
46161865	37209199	Is a	20190731	20991231	
46161865	37310858	Has AMP restr ind	20200309	20991231	
46161865	46161865	Mapped from	20180731	20991231	
46161865	46161865	Maps to	20180731	20991231	
46161866	35607932	Has non-avail ind	20180731	20991231	
46161866	35626975	VMP has prescr stat	20180731	20991231	
46161866	35626985	Has legal category	20180731	20991231	
46161866	35626993	Has disc indicator	20180731	20991231	
46161866	37207390	Has CD category	20190731	20991231	
46161866	37209199	Is a	20190731	20991231	
46161866	37310858	Has AMP restr ind	20200309	20991231	
46161866	46085527	Is a	20150131	20991231	
46161866	46161866	Mapped from	20180731	20991231	
46161866	46161866	Maps to	20180731	20991231	
46161868	35607932	Has non-avail ind	20180731	20991231	
46161868	35626975	VMP has prescr stat	20180731	20991231	
46161868	35626985	Has legal category	20180731	20991231	
46161868	35626993	Has disc indicator	20180731	20991231	
46161868	37207390	Has CD category	20190731	20991231	
46161868	37209199	Is a	20190731	20991231	
46161868	37310858	Has AMP restr ind	20200309	20991231	
46161868	46085525	Is a	20150131	20991231	
46161868	46161868	Mapped from	20180731	20991231	
46161868	46161868	Maps to	20180731	20991231	
46161872	35607932	Has non-avail ind	20180731	20991231	
46161872	35626975	VMP has prescr stat	20180731	20991231	
46161872	35626985	Has legal category	20180731	20991231	
46161872	35626993	Has disc indicator	20180731	20991231	
46161872	37207390	Has CD category	20190731	20991231	
46161872	37209199	Is a	20190731	20991231	
46161872	37310858	Has AMP restr ind	20200309	20991231	
46161872	46085521	Is a	20150131	20991231	
46161872	46161872	Mapped from	20180731	20991231	
46161872	46161872	Maps to	20180731	20991231	
46161873	35607932	Has non-avail ind	20180731	20991231	
46161873	35626975	VMP has prescr stat	20180731	20991231	
46161873	35626985	Has legal category	20180731	20991231	
46161873	35626993	Has disc indicator	20180731	20991231	
46161873	37207390	Has CD category	20190731	20991231	
46161873	37209199	Is a	20190731	20991231	
46161873	37310858	Has AMP restr ind	20200309	20991231	
46161873	46024204	Has AMP	20150131	20991231	
46161873	46161873	Mapped from	20180731	20991231	
46161873	46161873	Maps to	20180731	20991231	
46161874	35607932	Has non-avail ind	20180731	20991231	
46161874	35626975	VMP has prescr stat	20180731	20991231	
46161874	35626985	Has legal category	20180731	20991231	
46161874	35626993	Has disc indicator	20180731	20991231	
46161874	37207390	Has CD category	20190731	20991231	
46161874	37209199	Is a	20190731	20991231	
46161874	37310858	Has AMP restr ind	20200309	20991231	
46161874	46024204	Has AMP	20150131	20991231	
46161874	46085519	Is a	20150131	20991231	
46161874	46161874	Mapped from	20180731	20991231	
46161874	46161874	Maps to	20180731	20991231	
46161875	35607932	Has non-avail ind	20180731	20991231	
46161875	35626975	VMP has prescr stat	20180731	20991231	
46161875	35626985	Has legal category	20180731	20991231	
46161875	35626993	Has disc indicator	20180731	20991231	
46161875	37207390	Has CD category	20190731	20991231	
46161875	37209199	Is a	20190731	20991231	
46161875	37310858	Has AMP restr ind	20200309	20991231	
46161875	46024205	Has AMP	20150131	20991231	
46161875	46085516	Is a	20150131	20991231	
46161875	46161875	Mapped from	20180731	20991231	
46161875	46161875	Maps to	20180731	20991231	
46161876	35607932	Has non-avail ind	20180731	20991231	
46161876	35626975	VMP has prescr stat	20180731	20991231	
46161876	35626985	Has legal category	20180731	20991231	
46161876	35626993	Has disc indicator	20180731	20991231	
46161876	37207390	Has CD category	20190731	20991231	
46161876	37209199	Is a	20190731	20991231	
46161876	37310858	Has AMP restr ind	20200309	20991231	
46161876	46024205	Has AMP	20150131	20991231	
46161876	46161876	Mapped from	20180731	20991231	
46161876	46161876	Maps to	20180731	20991231	
46161878	35607932	Has non-avail ind	20180731	20991231	
46161878	35626975	VMP has prescr stat	20180731	20991231	
46161878	35626985	Has legal category	20180731	20991231	
46161878	35626993	Has disc indicator	20180731	20991231	
46161878	37207390	Has CD category	20190731	20991231	
46161878	37209199	Is a	20190731	20991231	
46161878	37310858	Has AMP restr ind	20200309	20991231	
46161878	46024206	Has AMP	20150131	20991231	
46161878	46085517	Is a	20150131	20991231	
46161878	46161878	Mapped from	20180731	20991231	
46161878	46161878	Maps to	20180731	20991231	
46161879	35607932	Has non-avail ind	20180731	20991231	
46161879	35626975	VMP has prescr stat	20180731	20991231	
46161879	35626985	Has legal category	20180731	20991231	
46161879	35626993	Has disc indicator	20180731	20991231	
46161879	37207390	Has CD category	20190731	20991231	
46161879	37209199	Is a	20190731	20991231	
46161879	37310858	Has AMP restr ind	20200309	20991231	
46161879	46091013	Is a	20150131	20991231	
46161879	46161879	Mapped from	20180731	20991231	
46161879	46161879	Maps to	20180731	20991231	
46161889	35607932	Has non-avail ind	20180731	20991231	
46161889	35626975	VMP has prescr stat	20180731	20991231	
46161889	35626985	Has legal category	20180731	20991231	
46161889	35626993	Has disc indicator	20180731	20991231	
46161889	37207390	Has CD category	20190731	20991231	
46161889	37209199	Is a	20190731	20991231	
46161889	37310858	Has AMP restr ind	20200309	20991231	
46161889	45990509	Has AMP	20150131	20991231	
46161889	46161889	Mapped from	20180731	20991231	
46161889	46161889	Maps to	20180731	20991231	
46161893	35607932	Has non-avail ind	20180731	20991231	
46161893	35626975	VMP has prescr stat	20180731	20991231	
46161893	35626985	Has legal category	20180731	20991231	
46161893	35626993	Has disc indicator	20180731	20991231	
46161893	37207390	Has CD category	20190731	20991231	
46161893	37209199	Is a	20190731	20991231	
46161893	37310858	Has AMP restr ind	20200309	20991231	
46161893	46085505	Is a	20150131	20991231	
46161893	46161893	Mapped from	20180731	20991231	
46161893	46161893	Maps to	20180731	20991231	
46161895	35607932	Has non-avail ind	20180731	20991231	
46161895	35626975	VMP has prescr stat	20180731	20991231	
46161895	35626985	Has legal category	20180731	20991231	
46161895	35626993	Has disc indicator	20180731	20991231	
46161895	37207390	Has CD category	20190731	20991231	
46161895	37209199	Is a	20190731	20991231	
46161895	37310858	Has AMP restr ind	20200309	20991231	
46161895	46161895	Mapped from	20180731	20991231	
46161895	46161895	Maps to	20180731	20991231	
46161897	35607932	Has non-avail ind	20180731	20991231	
46161897	35626975	VMP has prescr stat	20180731	20991231	
46161897	35626985	Has legal category	20180731	20991231	
46161897	35626993	Has disc indicator	20180731	20991231	
46161897	37207390	Has CD category	20190731	20991231	
46161897	37209199	Is a	20190731	20991231	
46161897	37310858	Has AMP restr ind	20200309	20991231	
46161897	46024215	Has AMP	20150131	20991231	
46161897	46085503	Is a	20150131	20991231	
46161897	46161897	Mapped from	20180731	20991231	
46161897	46161897	Maps to	20180731	20991231	
46161901	35607932	Has non-avail ind	20180731	20991231	
46161901	35626975	VMP has prescr stat	20180731	20991231	
46161901	35626985	Has legal category	20180731	20991231	
46161901	35626993	Has disc indicator	20180731	20991231	
46161901	37207390	Has CD category	20190731	20991231	
46161901	37209199	Is a	20190731	20991231	
46161901	37310858	Has AMP restr ind	20200309	20991231	
46161901	46096530	Is a	20150131	20991231	
46161901	46161901	Mapped from	20180731	20991231	
46161901	46161901	Maps to	20180731	20991231	
46161903	35607932	Has non-avail ind	20180731	20991231	
46161903	35626975	VMP has prescr stat	20180731	20991231	
46161903	35626985	Has legal category	20180731	20991231	
46161903	35626993	Has disc indicator	20180731	20991231	
46161903	37207390	Has CD category	20190731	20991231	
46161903	37209199	Is a	20190731	20991231	
46161903	37310858	Has AMP restr ind	20200309	20991231	
46161903	46096530	Is a	20150131	20991231	
46161903	46161903	Mapped from	20180731	20991231	
46161903	46161903	Maps to	20180731	20991231	
46161904	35607932	Has non-avail ind	20180731	20991231	
46161904	35626975	VMP has prescr stat	20180731	20991231	
46161904	35626985	Has legal category	20180731	20991231	
46161904	35626993	Has disc indicator	20180731	20991231	
46161904	37207390	Has CD category	20190731	20991231	
46161904	37209199	Is a	20190731	20991231	
46161904	37310858	Has AMP restr ind	20200309	20991231	
46161904	46024220	Has AMP	20150131	20991231	
46161904	46161904	Mapped from	20180731	20991231	
46161904	46161904	Maps to	20180731	20991231	
46161905	35607932	Has non-avail ind	20180731	20991231	
46161905	35626975	VMP has prescr stat	20180731	20991231	
46161905	35626985	Has legal category	20180731	20991231	
46161905	35626993	Has disc indicator	20180731	20991231	
46161905	37207390	Has CD category	20190731	20991231	
46161905	37209199	Is a	20190731	20991231	
46161905	37310858	Has AMP restr ind	20200309	20991231	
46161905	46091013	Is a	20150131	20991231	
46161905	46161905	Mapped from	20180731	20991231	
46161905	46161905	Maps to	20180731	20991231	
46161907	4140737	Has spec active ing	20180731	20991231	
46161907	4145740	Has spec active ing	20180731	20991231	
46161907	4169945	Has spec active ing	20180731	20991231	
46161907	35607932	Has non-avail ind	20180731	20991231	
46161907	35608652	Is a	20180731	20991231	
46161907	35626950	Has excipient	20180731	20991231	
46161907	35626973	VMP has prescr stat	20180731	20991231	
46161907	35626988	Has legal category	20180731	20991231	
46161907	35626992	Has disc indicator	20180731	20991231	
46161907	37207390	Has CD category	20190731	20991231	
46161907	37310856	Has AMP restr ind	20200309	20991231	
46161907	46024219	Has AMP	20150131	20991231	
46161917	35607932	Has non-avail ind	20180731	20991231	
46161917	35626975	VMP has prescr stat	20180731	20991231	
46161917	35626985	Has legal category	20180731	20991231	
46161917	35626992	Has disc indicator	20180731	20991231	
46161917	37207390	Has CD category	20190731	20991231	
46161917	37209199	Is a	20190731	20991231	
46161917	37310856	Has AMP restr ind	20200309	20991231	
46161917	46024231	Has AMP	20150131	20991231	
46161917	46161917	Mapped from	20180731	20991231	
46161917	46161917	Maps to	20180731	20991231	
46161919	35607932	Has non-avail ind	20180731	20991231	
46161919	35626975	VMP has prescr stat	20180731	20991231	
46161919	35626985	Has legal category	20180731	20991231	
46161919	35626992	Has disc indicator	20180731	20991231	
46161919	37207390	Has CD category	20190731	20991231	
46161919	37209199	Is a	20190731	20991231	
46161919	37310856	Has AMP restr ind	20200309	20991231	
46161919	46161919	Mapped from	20180731	20991231	
46161919	46161919	Maps to	20180731	20991231	
46161921	35607932	Has non-avail ind	20180731	20991231	
46161921	35626975	VMP has prescr stat	20180731	20991231	
46161921	35626985	Has legal category	20180731	20991231	
46161921	35626993	Has disc indicator	20180731	20991231	
46161921	37207390	Has CD category	20190731	20991231	
46161921	37209199	Is a	20190731	20991231	
46161921	37310858	Has AMP restr ind	20200309	20991231	
46161921	46024235	Has AMP	20150131	20991231	
46161921	46096535	Is a	20150131	20991231	
46161921	46161921	Mapped from	20180731	20991231	
46161921	46161921	Maps to	20180731	20991231	
46161922	4294756	Has disp dose form	20180731	20991231	
46161922	35607932	Has non-avail ind	20180731	20991231	
46161922	35608652	Is a	20180731	20991231	
46161922	35626950	Has excipient	20180731	20991231	
46161922	35626973	VMP has prescr stat	20180731	20991231	
46161922	35626986	Has legal category	20180731	20991231	
46161922	37207390	Has CD category	20190731	20991231	
46161922	37310856	Has AMP restr ind	20200309	20991231	
46161922	46024236	Has AMP	20150131	20991231	
46161923	4294756	Has disp dose form	20180731	20991231	
46161923	35607932	Has non-avail ind	20180731	20991231	
46161923	35608652	Is a	20180731	20991231	
46161923	35626950	Has excipient	20180731	20991231	
46161923	35626973	VMP has prescr stat	20180731	20991231	
46161923	35626986	Has legal category	20180731	20991231	
46161923	37207390	Has CD category	20190731	20991231	
46161923	37310856	Has AMP restr ind	20200309	20991231	
46161923	46024237	Has AMP	20150131	20991231	
46161923	46097778	Is a	20150131	20991231	
46161925	35607932	Has non-avail ind	20180731	20991231	
46161925	35626975	VMP has prescr stat	20180731	20991231	
46161925	35626985	Has legal category	20180731	20991231	
46161925	35626993	Has disc indicator	20180731	20991231	
46161925	37207390	Has CD category	20190731	20991231	
46161925	37209199	Is a	20190731	20991231	
46161925	37310858	Has AMP restr ind	20200309	20991231	
46161925	46024239	Has AMP	20150131	20991231	
46161925	46096530	Is a	20150131	20991231	
46161925	46161925	Mapped from	20180731	20991231	
46161925	46161925	Maps to	20180731	20991231	
46161926	35607932	Has non-avail ind	20180731	20991231	
46161926	35626975	VMP has prescr stat	20180731	20991231	
46161926	35626985	Has legal category	20180731	20991231	
46161926	35626993	Has disc indicator	20180731	20991231	
46161926	37207390	Has CD category	20190731	20991231	
46161926	37209199	Is a	20190731	20991231	
46161926	37310858	Has AMP restr ind	20200309	20991231	
46161926	46024240	Has AMP	20150131	20991231	
46161926	46096530	Is a	20150131	20991231	
46161926	46161926	Mapped from	20180731	20991231	
46161926	46161926	Maps to	20180731	20991231	
46161927	35607932	Has non-avail ind	20180731	20991231	
46161927	35626975	VMP has prescr stat	20180731	20991231	
46161927	35626985	Has legal category	20180731	20991231	
46161927	35626993	Has disc indicator	20180731	20991231	
46161927	37207390	Has CD category	20190731	20991231	
46161927	37209199	Is a	20190731	20991231	
46161927	37310858	Has AMP restr ind	20200309	20991231	
46161927	46096530	Is a	20150131	20991231	
46161927	46161927	Mapped from	20180731	20991231	
46161927	46161927	Maps to	20180731	20991231	
46161931	35607932	Has non-avail ind	20180731	20991231	
46161931	35626975	VMP has prescr stat	20180731	20991231	
46161931	35626985	Has legal category	20180731	20991231	
46161931	35626993	Has disc indicator	20180731	20991231	
46161931	37207390	Has CD category	20190731	20991231	
46161931	37209199	Is a	20190731	20991231	
46161931	37310858	Has AMP restr ind	20200309	20991231	
46161931	46024245	Has AMP	20150131	20991231	
46161931	46096530	Is a	20150131	20991231	
46161931	46161931	Mapped from	20180731	20991231	
46161931	46161931	Maps to	20180731	20991231	
46161933	35607932	Has non-avail ind	20180731	20991231	
46161933	35626975	VMP has prescr stat	20180731	20991231	
46161933	35626985	Has legal category	20180731	20991231	
46161933	35626993	Has disc indicator	20180731	20991231	
46161933	37207390	Has CD category	20190731	20991231	
46161933	37209199	Is a	20190731	20991231	
46161933	37310858	Has AMP restr ind	20200309	20991231	
46161933	46096530	Is a	20150131	20991231	
46161933	46161933	Mapped from	20180731	20991231	
46161933	46161933	Maps to	20180731	20991231	
46161935	35607932	Has non-avail ind	20180731	20991231	
46161935	35626975	VMP has prescr stat	20180731	20991231	
46161935	35626985	Has legal category	20180731	20991231	
46161935	35626993	Has disc indicator	20180731	20991231	
46161935	37207390	Has CD category	20190731	20991231	
46161935	37209199	Is a	20190731	20991231	
46161935	37310858	Has AMP restr ind	20200309	20991231	
46161935	46161935	Mapped from	20180731	20991231	
46161935	46161935	Maps to	20180731	20991231	
46161936	35607932	Has non-avail ind	20180731	20991231	
46161936	35626975	VMP has prescr stat	20180731	20991231	
46161936	35626985	Has legal category	20180731	20991231	
46161936	35626992	Has disc indicator	20180731	20991231	
46161936	37207390	Has CD category	20190731	20991231	
46161936	37209199	Is a	20190731	20991231	
46161936	37310856	Has AMP restr ind	20200309	20991231	
46161936	46024251	Has AMP	20150131	20991231	
46161936	46161936	Mapped from	20180731	20991231	
46161936	46161936	Maps to	20180731	20991231	
46161937	4298770	Has disp dose form	20180731	20991231	
46161937	4301213	Has spec active ing	20180731	20991231	
46161937	35607932	Has non-avail ind	20180731	20991231	
46161937	35608652	Is a	20180731	20991231	
46161937	35626973	VMP has prescr stat	20180731	20991231	
46161937	35626986	Has legal category	20180731	20991231	
46161937	35626992	Has disc indicator	20180731	20991231	
46161937	37310856	Has AMP restr ind	20200309	20991231	
46161937	46024250	Has AMP	20150131	20991231	
46161937	46104903	Is a	20150131	20991231	
46161938	35608652	Is a	20180731	20991231	
46161938	35626950	Has excipient	20180731	20991231	
46161938	35626975	VMP has prescr stat	20180731	20991231	
46161938	35626980	Has non-avail ind	20180731	20991231	
46161938	35626985	Has legal category	20180731	20991231	
46161938	35626992	Has disc indicator	20180731	20991231	
46161938	37207390	Has CD category	20190731	20991231	
46161938	37310856	Has AMP restr ind	20200309	20991231	
46161938	46085495	Is a	20150131	20991231	
46161939	4294612	Has disp dose form	20180731	20991231	
46161939	35608652	Is a	20180731	20991231	
46161939	35626950	Has excipient	20180731	20991231	
46161939	35626973	VMP has prescr stat	20180731	20991231	
46161939	35626980	Has non-avail ind	20190731	20991231	
46161939	35626988	Has legal category	20180731	20991231	
46161939	35626992	Has disc indicator	20190731	20991231	
46161939	37207390	Has CD category	20190731	20991231	
46161939	37310856	Has AMP restr ind	20200309	20991231	
46161939	45957415	Has spec active ing	20180731	20991231	
46161939	46024253	Has AMP	20150131	20991231	
46161942	4186843	Has basis str subst	20190731	20991231	
46161942	4294612	Has disp dose form	20180731	20991231	
46161942	35607932	Has non-avail ind	20180731	20991231	
46161942	35608652	Is a	20180731	20991231	
46161942	35626950	Has excipient	20180731	20991231	
46161942	35626973	VMP has prescr stat	20180731	20991231	
46161942	35626986	Has legal category	20180731	20991231	
46161942	35626993	Has disc indicator	20180731	20991231	
46161942	37207390	Has CD category	20190731	20991231	
46161942	46024255	Has AMP	20150131	20991231	
46161942	46085491	Is a	20150131	20991231	
46161947	4298043	Has disp dose form	20180731	20991231	
46161947	35607932	Has non-avail ind	20180731	20991231	
46161947	35608652	Is a	20180731	20991231	
46161947	35626950	Has excipient	20180731	20991231	
46161947	35626973	VMP has prescr stat	20180731	20991231	
46161947	35626985	Has legal category	20180731	20991231	
46161947	35626992	Has disc indicator	20180731	20991231	
46161947	37207390	Has CD category	20190731	20991231	
46161947	37310856	Has AMP restr ind	20200309	20991231	
46161947	46024260	Has AMP	20150131	20991231	
46161949	35607932	Has non-avail ind	20180731	20991231	
46161949	35608652	Is a	20180731	20991231	
46161949	35626973	VMP has prescr stat	20180731	20991231	
46161949	35626986	Has legal category	20180731	20991231	
46161949	35626993	Has disc indicator	20180731	20991231	
46161949	37207390	Has CD category	20190731	20991231	
46161949	37310858	Has AMP restr ind	20200309	20991231	
46161949	46024261	Has AMP	20150131	20991231	
46161949	46085488	Is a	20150131	20991231	
46161950	4140737	Has excipient	20180731	20991231	
46161950	4184144	Has excipient	20180731	20991231	
46161950	4298043	Has disp dose form	20180731	20991231	
46161950	4305885	Has spec active ing	20180731	20991231	
46161950	35607932	Has non-avail ind	20180731	20991231	
46161950	35608652	Is a	20180731	20991231	
46161950	35626973	VMP has prescr stat	20180731	20991231	
46161950	35626987	Has legal category	20180731	20991231	
46161950	35626993	Has disc indicator	20180731	20991231	
46161950	37207390	Has CD category	20190731	20991231	
46161950	37310858	Has AMP restr ind	20200309	20991231	
46161950	46024263	Has AMP	20150131	20991231	
46161951	35607932	Has non-avail ind	20180731	20991231	
46161951	35608652	Is a	20180731	20991231	
46161951	35626950	Has excipient	20180731	20991231	
46161951	35626975	VMP has prescr stat	20180731	20991231	
46161951	35626985	Has legal category	20180731	20991231	
46161951	35626993	Has disc indicator	20180731	20991231	
46161951	37207390	Has CD category	20190731	20991231	
46161951	37309770	Has free indicator	20200309	20991231	
46161951	37310858	Has AMP restr ind	20200309	20991231	
46161952	35607932	Has non-avail ind	20180731	20991231	
46161952	35608652	Is a	20180731	20991231	
46161952	35626950	Has excipient	20180731	20991231	
46161952	35626975	VMP has prescr stat	20180731	20991231	
46161952	35626985	Has legal category	20180731	20991231	
46161952	35626993	Has disc indicator	20180731	20991231	
46161952	37207390	Has CD category	20190731	20991231	
46161952	37309770	Has free indicator	20200309	20991231	
46161952	37310858	Has AMP restr ind	20200309	20991231	
46161953	35607932	Has non-avail ind	20180731	20991231	
46161953	35608652	Is a	20180731	20991231	
46161953	35626950	Has excipient	20180731	20991231	
46161953	35626975	VMP has prescr stat	20180731	20991231	
46161953	35626985	Has legal category	20180731	20991231	
46161953	35626993	Has disc indicator	20180731	20991231	
46161953	37207390	Has CD category	20190731	20991231	
46161953	37309770	Has free indicator	20200309	20991231	
46161953	37310858	Has AMP restr ind	20200309	20991231	
46161955	4224882	Has disp dose form	20180731	20991231	
46161955	35607932	Has non-avail ind	20180731	20991231	
46161955	35608652	Is a	20180731	20991231	
46161955	35626950	Has excipient	20180731	20991231	
46161955	35626975	VMP has prescr stat	20180731	20991231	
46161955	35626985	Has legal category	20180731	20991231	
46161955	35626993	Has disc indicator	20180731	20991231	
46161955	37207390	Has CD category	20190731	20991231	
46161955	37309770	Has free indicator	20200309	20991231	
46161955	37310858	Has AMP restr ind	20200309	20991231	
46161955	46024268	Has AMP	20150131	20991231	
46161956	4224882	Has disp dose form	20180731	20991231	
46161956	35607932	Has non-avail ind	20180731	20991231	
46161956	35608652	Is a	20180731	20991231	
46161956	35626950	Has excipient	20180731	20991231	
46161956	35626975	VMP has prescr stat	20180731	20991231	
46161956	35626985	Has legal category	20180731	20991231	
46161956	35626993	Has disc indicator	20180731	20991231	
46161956	37207390	Has CD category	20190731	20991231	
46161956	37309770	Has free indicator	20200309	20991231	
46161956	37310858	Has AMP restr ind	20200309	20991231	
46161956	46024269	Has AMP	20150131	20991231	
46161957	35607932	Has non-avail ind	20180731	20991231	
46161957	35608652	Is a	20180731	20991231	
46161957	35626950	Has excipient	20180731	20991231	
46161957	35626975	VMP has prescr stat	20180731	20991231	
46161957	35626985	Has legal category	20180731	20991231	
46161957	35626993	Has disc indicator	20180731	20991231	
46161957	37207390	Has CD category	20190731	20991231	
46161957	37309770	Has free indicator	20200309	20991231	
46161957	37310858	Has AMP restr ind	20200309	20991231	
46161957	46024270	Has AMP	20150131	20991231	
46161962	4282459	Has spec active ing	20180731	20991231	
46161962	4294603	Has disp dose form	20180731	20991231	
46161962	35607932	Has non-avail ind	20180731	20991231	
46161962	35608652	Is a	20180731	20991231	
46161962	35626950	Has excipient	20180731	20991231	
46161962	35626973	VMP has prescr stat	20180731	20991231	
46161962	35626985	Has legal category	20180731	20991231	
46161962	35626993	Has disc indicator	20180731	20991231	
46161962	37207390	Has CD category	20190731	20991231	
46161962	37310858	Has AMP restr ind	20200309	20991231	
46161962	46024274	Has AMP	20150131	20991231	
46161962	46090826	Is a	20150131	20991231	
46161963	35607932	Has non-avail ind	20180731	20991231	
46161963	35608652	Is a	20180731	20991231	
46161963	35626950	Has excipient	20180731	20991231	
46161963	35626975	VMP has prescr stat	20180731	20991231	
46161963	35626985	Has legal category	20180731	20991231	
46161963	35626993	Has disc indicator	20180731	20991231	
46161963	37207390	Has CD category	20190731	20991231	
46161963	37309770	Has free indicator	20200309	20991231	
46161963	37310858	Has AMP restr ind	20200309	20991231	
46161963	46024275	Has AMP	20150131	20991231	
46161963	46085477	Is a	20150131	20991231	
46161965	4294612	Has disp dose form	20180731	20991231	
46161965	35607932	Has non-avail ind	20180731	20991231	
46161965	35608652	Is a	20180731	20991231	
46161965	35626950	Has excipient	20180731	20991231	
46161965	35626973	VMP has prescr stat	20180731	20991231	
46161965	35626986	Has legal category	20180731	20991231	
46161965	35626993	Has disc indicator	20180731	20991231	
46161965	37207390	Has CD category	20190731	20991231	
46161965	37310858	Has AMP restr ind	20200309	20991231	
46161965	46104881	Is a	20150131	20991231	
46161966	4294612	Has disp dose form	20180731	20991231	
46161966	35607932	Has non-avail ind	20180731	20991231	
46161966	35608652	Is a	20180731	20991231	
46161966	35626950	Has excipient	20180731	20991231	
46161966	35626973	VMP has prescr stat	20180731	20991231	
46161966	35626986	Has legal category	20180731	20991231	
46161966	35626993	Has disc indicator	20180731	20991231	
46161966	37207390	Has CD category	20190731	20991231	
46161966	37310858	Has AMP restr ind	20200309	20991231	
46161968	4297959	Has disp dose form	20180731	20991231	
46161968	35607932	Has non-avail ind	20180731	20991231	
46161968	35608652	Is a	20180731	20991231	
46161968	35626950	Has excipient	20180731	20991231	
46161968	35626973	VMP has prescr stat	20180731	20991231	
46161968	35626986	Has legal category	20180731	20991231	
46161968	35626993	Has disc indicator	20180731	20991231	
46161968	37207390	Has CD category	20190731	20991231	
46161968	37310858	Has AMP restr ind	20200309	20991231	
46161971	4297959	Has disp dose form	20180731	20991231	
46161971	35607932	Has non-avail ind	20180731	20991231	
46161971	35608652	Is a	20180731	20991231	
46161971	35626950	Has excipient	20180731	20991231	
46161971	35626973	VMP has prescr stat	20180731	20991231	
46161971	35626986	Has legal category	20180731	20991231	
46161971	35626993	Has disc indicator	20180731	20991231	
46161971	37207390	Has CD category	20190731	20991231	
46161971	37310858	Has AMP restr ind	20200309	20991231	
46161971	46024283	Has AMP	20150131	20991231	
46161972	35607932	Has non-avail ind	20180731	20991231	
46161972	35608652	Is a	20180731	20991231	
46161972	35626950	Has excipient	20180731	20991231	
46161972	35626973	VMP has prescr stat	20180731	20991231	
46161972	35626986	Has legal category	20180731	20991231	
46161972	35626993	Has disc indicator	20180731	20991231	
46161976	35607932	Has non-avail ind	20180731	20991231	
46161976	35608652	Is a	20180731	20991231	
46161976	35626950	Has excipient	20180731	20991231	
46161976	35626973	VMP has prescr stat	20180731	20991231	
46161976	35626986	Has legal category	20180731	20991231	
46161976	35626991	Has disc indicator	20180731	20991231	
46161976	37310858	Has AMP restr ind	20200309	20991231	
46161977	35607932	Has non-avail ind	20180731	20991231	
46161977	35608652	Is a	20180731	20991231	
46161977	35626950	Has excipient	20180731	20991231	
46161977	35626975	VMP has prescr stat	20180731	20991231	
46161977	35626985	Has legal category	20180731	20991231	
46161977	35626993	Has disc indicator	20180731	20991231	
46161977	37207390	Has CD category	20190731	20991231	
46161977	37310858	Has AMP restr ind	20200309	20991231	
46161977	46002319	Has AMP	20150131	20991231	
46161977	46085475	Is a	20150131	20991231	
46161982	4293448	Has disp dose form	20180731	20991231	
46161982	35607932	Has non-avail ind	20180731	20991231	
46161982	35608652	Is a	20180731	20991231	
46161982	35626950	Has excipient	20180731	20991231	
46161982	35626973	VMP has prescr stat	20180731	20991231	
46161982	35626988	Has legal category	20180731	20991231	
46161982	35626993	Has disc indicator	20180731	20991231	
46161982	37207390	Has CD category	20190731	20991231	
46161982	37310858	Has AMP restr ind	20200309	20991231	
46161982	45957081	Has spec active ing	20180731	20991231	
46161982	46024291	Has AMP	20150131	20991231	
46161982	46085471	Is a	20150131	20991231	
46161983	4035034	Has excipient	20180731	20991231	
46161983	4169945	Has excipient	20180731	20991231	
46161983	35608652	Is a	20180731	20991231	
46161983	35626973	VMP has prescr stat	20180731	20991231	
46161983	35626980	Has non-avail ind	20180731	20991231	
46161983	35626988	Has legal category	20180731	20991231	
46161983	35626992	Has disc indicator	20180731	20991231	
46161983	37207390	Has CD category	20190731	20991231	
46161983	37310856	Has AMP restr ind	20200309	20991231	
46161983	46085470	Is a	20150131	20991231	
46161985	4293448	Has disp dose form	20180731	20991231	
46161985	35607932	Has non-avail ind	20180731	20991231	
46161985	35608652	Is a	20180731	20991231	
46161985	35626950	Has excipient	20180731	20991231	
46161985	35626973	VMP has prescr stat	20180731	20991231	
46161985	35626986	Has legal category	20180731	20991231	
46161985	35626993	Has disc indicator	20180731	20991231	
46161985	37310855	Has AMP restr ind	20200309	20991231	
46161986	4293448	Has disp dose form	20180731	20991231	
46161986	35607932	Has non-avail ind	20180731	20991231	
46161986	35608652	Is a	20180731	20991231	
46161986	35626950	Has excipient	20180731	20991231	
46161986	35626973	VMP has prescr stat	20180731	20991231	
46161986	35626986	Has legal category	20180731	20991231	
46161986	35626993	Has disc indicator	20180731	20991231	
46161986	37310855	Has AMP restr ind	20200309	20991231	
46161987	4293448	Has disp dose form	20180731	20991231	
46161987	35607932	Has non-avail ind	20180731	20991231	
46161987	35608652	Is a	20180731	20991231	
46161987	35626950	Has excipient	20180731	20991231	
46161987	35626973	VMP has prescr stat	20180731	20991231	
46161987	35626986	Has legal category	20180731	20991231	
46161987	35626993	Has disc indicator	20180731	20991231	
46161987	37310855	Has AMP restr ind	20200309	20991231	
46161988	4293448	Has disp dose form	20180731	20991231	
46161988	35607932	Has non-avail ind	20180731	20991231	
46161988	35608652	Is a	20180731	20991231	
46161988	35626950	Has excipient	20180731	20991231	
46161988	35626973	VMP has prescr stat	20180731	20991231	
46161988	35626986	Has legal category	20180731	20991231	
46161988	35626993	Has disc indicator	20180731	20991231	
46161988	37310855	Has AMP restr ind	20200309	20991231	
46161988	46085465	Is a	20150131	20991231	
46161993	4294600	Has disp dose form	20180731	20991231	
46161993	35607932	Has non-avail ind	20180731	20991231	
46161993	35608652	Is a	20180731	20991231	
46161993	35626950	Has excipient	20180731	20991231	
46161993	35626973	VMP has prescr stat	20180731	20991231	
46161993	35626986	Has legal category	20180731	20991231	
46161993	35626993	Has disc indicator	20180731	20991231	
46161993	37207390	Has CD category	20190731	20991231	
46161993	37310855	Has AMP restr ind	20200309	20991231	
46161993	46024302	Has AMP	20150131	20991231	
46161995	4224882	Has disp dose form	20180731	20991231	
46161995	35607932	Has non-avail ind	20180731	20991231	
46161995	35608652	Is a	20180731	20991231	
46161995	35626950	Has excipient	20180731	20991231	
46161995	35626973	VMP has prescr stat	20180731	20991231	
46161995	35626988	Has legal category	20180731	20991231	
46161995	35626993	Has disc indicator	20180731	20991231	
46161995	37207390	Has CD category	20190731	20991231	
46161995	37310858	Has AMP restr ind	20200309	20991231	
46161995	45957017	Has spec active ing	20180731	20991231	
46161995	46096898	Is a	20150131	20991231	
46161996	4294612	Has disp dose form	20180731	20991231	
46161996	35607932	Has non-avail ind	20180731	20991231	
46161996	35608652	Is a	20180731	20991231	
46161996	35626950	Has excipient	20180731	20991231	
46161996	35626973	VMP has prescr stat	20180731	20991231	
46161996	35626986	Has legal category	20180731	20991231	
46161996	35626992	Has disc indicator	20180731	20991231	
46161996	37207390	Has CD category	20190731	20991231	
46161996	37309763	Paral imprt ind	20200309	20991231	
46161996	37310856	Has AMP restr ind	20200309	20991231	
46161997	4298043	Has disp dose form	20180731	20991231	
46161997	35607932	Has non-avail ind	20180731	20991231	
46161997	35608652	Is a	20180731	20991231	
46161997	35626950	Has excipient	20180731	20991231	
46161997	35626988	Has legal category	20180731	20991231	
46161997	35626992	Has disc indicator	20180731	20991231	
46161997	37207390	Has CD category	20190731	20991231	
46161997	37209282	VMP has prescr stat	20190731	20991231	
46161997	37310856	Has AMP restr ind	20200309	20991231	
46161997	45956904	Has spec active ing	20180731	20991231	
46161997	45956905	Has spec active ing	20180731	20991231	
46161997	46101325	Is a	20150131	20991231	
46161998	4298770	Has disp dose form	20180731	20991231	
46161998	35607932	Has non-avail ind	20180731	20991231	
46161998	35608652	Is a	20180731	20991231	
46161998	35626950	Has excipient	20180731	20991231	
46161998	35626986	Has legal category	20180731	20991231	
46161998	35626992	Has disc indicator	20180731	20991231	
46161998	37207390	Has CD category	20190731	20991231	
46161998	37209282	VMP has prescr stat	20190731	20991231	
46161998	37309763	Paral imprt ind	20200309	20991231	
46161998	37310856	Has AMP restr ind	20200309	20991231	
46161998	46087455	Is a	20150131	20991231	
46161999	4224882	Has disp dose form	20180731	20991231	
46161999	35607932	Has non-avail ind	20180731	20991231	
46161999	35608652	Is a	20180731	20991231	
46161999	35626950	Has excipient	20180731	20991231	
46161999	35626975	VMP has prescr stat	20180731	20991231	
46161999	35626985	Has legal category	20180731	20991231	
46161999	35626992	Has disc indicator	20180731	20991231	
46161999	35627052	Has flavor	20180731	20991231	
46161999	37207390	Has CD category	20190731	20991231	
46161999	37309763	Paral imprt ind	20200309	20991231	
46161999	37309770	Has free indicator	20200309	20991231	
46161999	37310856	Has AMP restr ind	20200309	20991231	
46161999	46024306	Has AMP	20150131	20991231	
46162000	35607932	Has non-avail ind	20180731	20991231	
46162000	35608652	Is a	20180731	20991231	
46162000	35626950	Has excipient	20180731	20991231	
46162000	35626975	VMP has prescr stat	20180731	20991231	
46162000	35626985	Has legal category	20180731	20991231	
46162000	35626993	Has disc indicator	20180731	20991231	
46162000	37207390	Has CD category	20190731	20991231	
46162000	37309770	Has free indicator	20200309	20991231	
46162000	37310858	Has AMP restr ind	20200309	20991231	
46162000	46024307	Has AMP	20150131	20991231	
46162000	46085457	Is a	20150131	20991231	
46162001	4293448	Has disp dose form	20180731	20991231	
46162001	4301090	Has spec active ing	20180731	20991231	
46162001	35607932	Has non-avail ind	20180731	20991231	
46162001	35608652	Is a	20180731	20991231	
46162001	35626950	Has excipient	20180731	20991231	
46162001	35626973	VMP has prescr stat	20180731	20991231	
46162001	35626986	Has legal category	20180731	20991231	
46162001	35626993	Has disc indicator	20180731	20991231	
46162001	37207390	Has CD category	20190731	20991231	
46162001	37310855	Has AMP restr ind	20200309	20991231	
46162009	35607932	Has non-avail ind	20180731	20991231	
46162009	35626975	VMP has prescr stat	20180731	20991231	
46162009	35626985	Has legal category	20180731	20991231	
46162009	35626993	Has disc indicator	20180731	20991231	
46162009	37207390	Has CD category	20190731	20991231	
46162009	37209199	Is a	20190731	20991231	
46162009	37310858	Has AMP restr ind	20200309	20991231	
46162009	46153841	Concept same_as from	20180731	20991231	
46162009	46153841	Mapped from	20180731	20991231	
46162009	46162009	Mapped from	20180731	20991231	
46162009	46162009	Maps to	20180731	20991231	
46162010	35607932	Has non-avail ind	20180731	20991231	
46162010	35626975	VMP has prescr stat	20180731	20991231	
46162010	35626985	Has legal category	20180731	20991231	
46162010	35626993	Has disc indicator	20180731	20991231	
46162010	37207390	Has CD category	20190731	20991231	
46162010	37209199	Is a	20190731	20991231	
46162010	37310858	Has AMP restr ind	20200309	20991231	
46162010	46085449	Is a	20150131	20991231	
46162010	46153842	Concept same_as from	20180731	20991231	
46162010	46153842	Mapped from	20180731	20991231	
46162010	46162010	Mapped from	20180731	20991231	
46162010	46162010	Maps to	20180731	20991231	
46162011	35607932	Has non-avail ind	20180731	20991231	
46162011	35626975	VMP has prescr stat	20180731	20991231	
46162011	35626985	Has legal category	20180731	20991231	
46162011	35626993	Has disc indicator	20180731	20991231	
46162011	37207390	Has CD category	20190731	20991231	
46162011	37209199	Is a	20190731	20991231	
46162011	37310858	Has AMP restr ind	20200309	20991231	
46162011	46024314	Has AMP	20150131	20991231	
46162011	46104128	Is a	20150131	20991231	
46162011	46162011	Mapped from	20180731	20991231	
46162011	46162011	Maps to	20180731	20991231	
46162015	35607932	Has non-avail ind	20180731	20991231	
46162015	35626975	VMP has prescr stat	20180731	20991231	
46162015	35626985	Has legal category	20180731	20991231	
46162015	35626993	Has disc indicator	20180731	20991231	
46162015	37207390	Has CD category	20190731	20991231	
46162015	37209199	Is a	20190731	20991231	
46162015	37310858	Has AMP restr ind	20200309	20991231	
46162015	46024316	Has AMP	20150131	20991231	
46162015	46162015	Mapped from	20180731	20991231	
46162015	46162015	Maps to	20180731	20991231	
46162016	35607932	Has non-avail ind	20180731	20991231	
46162016	35626975	VMP has prescr stat	20180731	20991231	
46162016	35626985	Has legal category	20180731	20991231	
46162016	35626993	Has disc indicator	20180731	20991231	
46162016	37207390	Has CD category	20190731	20991231	
46162016	37209199	Is a	20190731	20991231	
46162016	37310858	Has AMP restr ind	20200309	20991231	
46162016	46024316	Has AMP	20150131	20991231	
46162016	46085662	Is a	20150131	20991231	
46162016	46162016	Mapped from	20180731	20991231	
46162016	46162016	Maps to	20180731	20991231	
46162018	35607932	Has non-avail ind	20180731	20991231	
46162018	35626975	VMP has prescr stat	20180731	20991231	
46162018	35626985	Has legal category	20180731	20991231	
46162018	35626993	Has disc indicator	20180731	20991231	
46162018	37207390	Has CD category	20190731	20991231	
46162018	37209199	Is a	20190731	20991231	
46162018	37310858	Has AMP restr ind	20200309	20991231	
46162018	46085661	Is a	20150131	20991231	
46162018	46162018	Mapped from	20180731	20991231	
46162018	46162018	Maps to	20180731	20991231	
46162019	35607932	Has non-avail ind	20180731	20991231	
46162019	35626975	VMP has prescr stat	20180731	20991231	
46162019	35626985	Has legal category	20180731	20991231	
46162019	35626993	Has disc indicator	20180731	20991231	
46162019	37207390	Has CD category	20190731	20991231	
46162019	37209199	Is a	20190731	20991231	
46162019	37310858	Has AMP restr ind	20200309	20991231	
46162019	46104120	Is a	20150131	20991231	
46162019	46162019	Mapped from	20180731	20991231	
46162019	46162019	Maps to	20180731	20991231	
46162020	35607932	Has non-avail ind	20180731	20991231	
46162020	35626975	VMP has prescr stat	20180731	20991231	
46162020	35626985	Has legal category	20180731	20991231	
46162020	35626993	Has disc indicator	20180731	20991231	
46162020	37207390	Has CD category	20190731	20991231	
46162020	37209199	Is a	20190731	20991231	
46162020	37310858	Has AMP restr ind	20200309	20991231	
46162020	46095289	Is a	20150131	20991231	
46162020	46162020	Mapped from	20180731	20991231	
46162020	46162020	Maps to	20180731	20991231	
46162022	4293448	Has disp dose form	20180731	20991231	
46162022	35607932	Has non-avail ind	20180731	20991231	
46162022	35608652	Is a	20180731	20991231	
46162022	35626950	Has excipient	20180731	20991231	
46162022	35626973	VMP has prescr stat	20180731	20991231	
46162022	35626986	Has legal category	20180731	20991231	
46162022	35626992	Has disc indicator	20180731	20991231	
46162022	37207390	Has CD category	20190731	20991231	
46162022	37310856	Has AMP restr ind	20200309	20991231	
46162022	46024319	Has AMP	20150131	20991231	
46162022	46085448	Is a	20150131	20991231	
46162023	35607932	Has non-avail ind	20180731	20991231	
46162023	35626975	VMP has prescr stat	20180731	20991231	
46162023	35626985	Has legal category	20180731	20991231	
46162023	35626992	Has disc indicator	20180731	20991231	
46162023	37207390	Has CD category	20190731	20991231	
46162023	37209199	Is a	20190731	20991231	
46162023	37310858	Has AMP restr ind	20200309	20991231	
46162023	46092561	Is a	20150131	20991231	
46162023	46162023	Mapped from	20180731	20991231	
46162023	46162023	Maps to	20180731	20991231	
46162027	4294612	Has disp dose form	20180731	20991231	
46162027	4301207	Has spec active ing	20180731	20991231	
46162027	35607932	Has non-avail ind	20180731	20991231	
46162027	35608652	Is a	20180731	20991231	
46162027	35626950	Has excipient	20180731	20991231	
46162027	35626973	VMP has prescr stat	20180731	20991231	
46162027	35626986	Has legal category	20180731	20991231	
46162027	35626993	Has disc indicator	20180731	20991231	
46162027	37310858	Has AMP restr ind	20200309	20991231	
46162027	46102824	Is a	20150131	20991231	
46162028	4294612	Has disp dose form	20180731	20991231	
46162028	4301207	Has spec active ing	20180731	20991231	
46162028	35607932	Has non-avail ind	20180731	20991231	
46162028	35608652	Is a	20180731	20991231	
46162028	35626950	Has excipient	20180731	20991231	
46162028	35626973	VMP has prescr stat	20180731	20991231	
46162028	35626986	Has legal category	20180731	20991231	
46162028	35626993	Has disc indicator	20180731	20991231	
46162028	37310858	Has AMP restr ind	20200309	20991231	
46162029	4294756	Has disp dose form	20180731	20991231	
46162029	35607932	Has non-avail ind	20180731	20991231	
46162029	35608652	Is a	20180731	20991231	
46162029	35626950	Has excipient	20180731	20991231	
46162029	35626973	VMP has prescr stat	20180731	20991231	
46162029	35626986	Has legal category	20180731	20991231	
46162029	35626992	Has disc indicator	20180731	20991231	
46162029	37310856	Has AMP restr ind	20200309	20991231	
46162031	4294612	Has disp dose form	20180731	20991231	
46162031	35607932	Has non-avail ind	20180731	20991231	
46162031	35608652	Is a	20180731	20991231	
46162031	35626950	Has excipient	20180731	20991231	
46162031	35626973	VMP has prescr stat	20180731	20991231	
46162031	35626986	Has legal category	20180731	20991231	
46162031	35626993	Has disc indicator	20180731	20991231	
46162031	37207390	Has CD category	20190731	20991231	
46162031	37310858	Has AMP restr ind	20200309	20991231	
46162031	46024328	Has AMP	20150131	20991231	
46162033	4294756	Has disp dose form	20180731	20991231	
46162033	35607932	Has non-avail ind	20180731	20991231	
46162033	35608652	Is a	20180731	20991231	
46162033	35626950	Has excipient	20180731	20991231	
46162033	35626973	VMP has prescr stat	20180731	20991231	
46162033	35626986	Has legal category	20180731	20991231	
46162033	35626992	Has disc indicator	20180731	20991231	
46162033	37310856	Has AMP restr ind	20200309	20991231	
46162033	46024330	Has AMP	20150131	20991231	
46162034	4156734	Has spec active ing	20180731	20991231	
46162034	4294612	Has disp dose form	20180731	20991231	
46162034	35607932	Has non-avail ind	20180731	20991231	
46162034	35608652	Is a	20180731	20991231	
46162034	35626950	Has excipient	20180731	20991231	
46162034	35626973	VMP has prescr stat	20180731	20991231	
46162034	35626986	Has legal category	20180731	20991231	
46162034	35626993	Has disc indicator	20180731	20991231	
46162034	37207390	Has CD category	20190731	20991231	
46162034	37310858	Has AMP restr ind	20200309	20991231	
46162034	46100696	Is a	20150131	20991231	
46162035	4294756	Has disp dose form	20180731	20991231	
46162035	35607932	Has non-avail ind	20180731	20991231	
46162035	35608652	Is a	20180731	20991231	
46162035	35626950	Has excipient	20180731	20991231	
46162035	35626973	VMP has prescr stat	20180731	20991231	
46162035	35626986	Has legal category	20180731	20991231	
46162035	35626992	Has disc indicator	20180731	20991231	
46162035	37310856	Has AMP restr ind	20200309	20991231	
46162036	4156734	Has spec active ing	20180731	20991231	
46162036	4294612	Has disp dose form	20180731	20991231	
46162036	35607932	Has non-avail ind	20180731	20991231	
46162036	35608652	Is a	20180731	20991231	
46162036	35626950	Has excipient	20180731	20991231	
46162036	35626973	VMP has prescr stat	20180731	20991231	
46162036	35626986	Has legal category	20180731	20991231	
46162036	35626993	Has disc indicator	20180731	20991231	
46162036	37207390	Has CD category	20190731	20991231	
46162036	37310858	Has AMP restr ind	20200309	20991231	
46162037	4156734	Has spec active ing	20180731	20991231	
46162037	4294612	Has disp dose form	20180731	20991231	
46162037	35607932	Has non-avail ind	20180731	20991231	
46162037	35608652	Is a	20180731	20991231	
46162037	35626950	Has excipient	20180731	20991231	
46162037	35626973	VMP has prescr stat	20180731	20991231	
46162037	35626986	Has legal category	20180731	20991231	
46162037	35626992	Has disc indicator	20190131	20991231	
46162037	37207390	Has CD category	20190731	20991231	
46162037	37310858	Has AMP restr ind	20200309	20991231	
46162039	4294756	Has disp dose form	20180731	20991231	
46162039	35607932	Has non-avail ind	20180731	20991231	
46162039	35608652	Is a	20180731	20991231	
46162039	35626950	Has excipient	20180731	20991231	
46162039	35626973	VMP has prescr stat	20180731	20991231	
46162039	35626986	Has legal category	20180731	20991231	
46162039	35626992	Has disc indicator	20180731	20991231	
46162039	37207390	Has CD category	20190731	20991231	
46162039	37310856	Has AMP restr ind	20200309	20991231	
46162039	46099795	Is a	20150131	20991231	
46162041	4255868	Has spec active ing	20180731	20991231	
46162041	4294756	Has disp dose form	20180731	20991231	
46162041	35607932	Has non-avail ind	20180731	20991231	
46162041	35608652	Is a	20180731	20991231	
46162041	35626950	Has excipient	20180731	20991231	
46162041	35626973	VMP has prescr stat	20180731	20991231	
46162041	35626986	Has legal category	20180731	20991231	
46162041	35626993	Has disc indicator	20180731	20991231	
46162041	37310858	Has AMP restr ind	20200309	20991231	
46162041	46024336	Has AMP	20150131	20991231	
46162042	35607932	Has non-avail ind	20180731	20991231	
46162042	35626973	VMP has prescr stat	20180731	20991231	
46162042	35626985	Has legal category	20180731	20991231	
46162042	35626993	Has disc indicator	20180731	20991231	
46162042	37207390	Has CD category	20190731	20991231	
46162042	37209199	Is a	20190731	20991231	
46162042	37310858	Has AMP restr ind	20200309	20991231	
46162042	46024337	Has AMP	20150131	20991231	
46162042	46085445	Is a	20150131	20991231	
46162042	46162042	Mapped from	20180731	20991231	
46162042	46162042	Maps to	20180731	20991231	
46162044	4293928	Has disp dose form	20180731	20991231	
46162044	4313692	Has spec active ing	20180731	20991231	
46162044	35607932	Has non-avail ind	20180731	20991231	
46162044	35608652	Is a	20180731	20991231	
46162044	35626950	Has excipient	20180731	20991231	
46162044	35626973	VMP has prescr stat	20180731	20991231	
46162044	35626986	Has legal category	20180731	20991231	
46162044	35626992	Has disc indicator	20180731	20991231	
46162044	37207390	Has CD category	20190731	20991231	
46162044	37310856	Has AMP restr ind	20200309	20991231	
46162045	35607932	Has non-avail ind	20180731	20991231	
46162045	35626973	VMP has prescr stat	20180731	20991231	
46162045	35626985	Has legal category	20180731	20991231	
46162045	35626993	Has disc indicator	20180731	20991231	
46162045	37207390	Has CD category	20190731	20991231	
46162045	37209199	Is a	20190731	20991231	
46162045	37310858	Has AMP restr ind	20200309	20991231	
46162045	46024337	Has AMP	20150131	20991231	
46162045	46085443	Is a	20150131	20991231	
46162045	46162045	Mapped from	20180731	20991231	
46162045	46162045	Maps to	20180731	20991231	
46162047	4293448	Has disp dose form	20180731	20991231	
46162047	35607932	Has non-avail ind	20180731	20991231	
46162047	35608652	Is a	20180731	20991231	
46162047	35626950	Has excipient	20180731	20991231	
46162047	35626973	VMP has prescr stat	20180731	20991231	
46162047	35626986	Has legal category	20180731	20991231	
46162047	35626993	Has disc indicator	20180731	20991231	
46162047	37207390	Has CD category	20190731	20991231	
46162047	37310855	Has AMP restr ind	20200309	20991231	
46162047	46024340	Has AMP	20150131	20991231	
46162047	46085441	Is a	20150131	20991231	
46162048	4294600	Has disp dose form	20180731	20991231	
46162048	35607932	Has non-avail ind	20180731	20991231	
46162048	35608652	Is a	20180731	20991231	
46162048	35626950	Has excipient	20180731	20991231	
46162048	35626973	VMP has prescr stat	20180731	20991231	
46162048	35626986	Has legal category	20180731	20991231	
46162048	35626993	Has disc indicator	20180731	20991231	
46162048	37207390	Has CD category	20190731	20991231	
46162048	37310855	Has AMP restr ind	20200309	20991231	
46162051	4298876	Has disp dose form	20180731	20991231	
46162051	35607932	Has non-avail ind	20180731	20991231	
46162051	35608652	Is a	20180731	20991231	
46162051	35626950	Has excipient	20180731	20991231	
46162051	35626973	VMP has prescr stat	20180731	20991231	
46162051	35626986	Has legal category	20180731	20991231	
46162051	35626993	Has disc indicator	20180731	20991231	
46162051	37207390	Has CD category	20190731	20991231	
46162051	37310855	Has AMP restr ind	20200309	20991231	
46162052	4189428	Has basis str subst	20180731	20991231	
46162052	4293448	Has disp dose form	20180731	20991231	
46162052	35607932	Has non-avail ind	20180731	20991231	
46162052	35608652	Is a	20180731	20991231	
46162052	35626950	Has excipient	20180731	20991231	
46162052	35626973	VMP has prescr stat	20180731	20991231	
46162052	35626986	Has legal category	20180731	20991231	
46162052	35626993	Has disc indicator	20180731	20991231	
46162052	37207390	Has CD category	20190731	20991231	
46162052	37310855	Has AMP restr ind	20200309	20991231	
46162052	46024345	Has AMP	20150131	20991231	
46162054	4293448	Has disp dose form	20180731	20991231	
46162054	35607932	Has non-avail ind	20180731	20991231	
46162054	35608652	Is a	20180731	20991231	
46162054	35626950	Has excipient	20180731	20991231	
46162054	35626973	VMP has prescr stat	20180731	20991231	
46162054	35626986	Has legal category	20180731	20991231	
46162054	35626993	Has disc indicator	20180731	20991231	
46162054	37207390	Has CD category	20190731	20991231	
46162054	37310855	Has AMP restr ind	20200309	20991231	
46162054	46024347	Has AMP	20150131	20991231	
46162054	46085434	Is a	20150131	20991231	
46162055	4293448	Has disp dose form	20180731	20991231	
46162055	35607932	Has non-avail ind	20180731	20991231	
46162055	35608652	Is a	20180731	20991231	
46162055	35626950	Has excipient	20180731	20991231	
46162055	35626973	VMP has prescr stat	20180731	20991231	
46162055	35626986	Has legal category	20180731	20991231	
46162055	35626993	Has disc indicator	20180731	20991231	
46162055	37207390	Has CD category	20190731	20991231	
46162055	37310855	Has AMP restr ind	20200309	20991231	
46162055	46024348	Has AMP	20150131	20991231	
46162057	4294600	Has disp dose form	20180731	20991231	
46162057	35607932	Has non-avail ind	20180731	20991231	
46162057	35608652	Is a	20180731	20991231	
46162057	35626950	Has excipient	20180731	20991231	
46162057	35626973	VMP has prescr stat	20180731	20991231	
46162057	35626986	Has legal category	20180731	20991231	
46162057	35626993	Has disc indicator	20180731	20991231	
46162057	37207390	Has CD category	20190731	20991231	
46162057	37310855	Has AMP restr ind	20200309	20991231	
46162057	46024350	Has AMP	20150131	20991231	
46162057	46085431	Is a	20150131	20991231	
46162060	46024353	Has AMP	20150131	20991231	
46162060	46085428	Is a	20150131	20991231	
46162060	46196104	Concept replaced by	20180731	20991231	
46162062	4029636	Has excipient	20180731	20991231	
46162062	4265648	Has spec active ing	20180731	20991231	
46162062	4294623	Has disp dose form	20180731	20991231	
46162062	35608652	Is a	20180731	20991231	
46162062	35626973	VMP has prescr stat	20180731	20991231	
46162062	35626980	Has non-avail ind	20180731	20991231	
46162062	35626987	Has legal category	20180731	20991231	
46162062	35626992	Has disc indicator	20180731	20991231	
46162062	37207390	Has CD category	20190731	20991231	
46162062	37310856	Has AMP restr ind	20200309	20991231	
46162062	46024355	Has AMP	20150131	20991231	
46162064	4217742	Has basis str subst	20180731	20991231	
46162064	4294612	Has disp dose form	20180731	20991231	
46162064	35607932	Has non-avail ind	20180731	20991231	
46162064	35608652	Is a	20180731	20991231	
46162064	35626973	VMP has prescr stat	20180731	20991231	
46162064	35626986	Has legal category	20180731	20991231	
46162064	35626993	Has disc indicator	20180731	20991231	
46162064	37207390	Has CD category	20190731	20991231	
46162064	37310858	Has AMP restr ind	20200309	20991231	
46162064	46024357	Has AMP	20150131	20991231	
46162064	46085425	Is a	20150131	20991231	
46162066	4294612	Has disp dose form	20180731	20991231	
46162066	35607932	Has non-avail ind	20180731	20991231	
46162066	35608652	Is a	20180731	20991231	
46162066	35626973	VMP has prescr stat	20180731	20991231	
46162066	35626986	Has legal category	20180731	20991231	
46162066	35626993	Has disc indicator	20180731	20991231	
46162066	37207390	Has CD category	20190731	20991231	
46162066	37310858	Has AMP restr ind	20200309	20991231	
46162066	46024359	Has AMP	20150131	20991231	
46162070	4029636	Has excipient	20180731	20991231	
46162070	4154902	Has excipient	20180731	20991231	
46162070	4294608	Has disp dose form	20180731	20991231	
46162070	35607932	Has non-avail ind	20180731	20991231	
46162070	35608652	Is a	20180731	20991231	
46162070	35626973	VMP has prescr stat	20180731	20991231	
46162070	35626986	Has legal category	20180731	20991231	
46162070	35626993	Has disc indicator	20180731	20991231	
46162070	37207390	Has CD category	20190731	20991231	
46162070	37309772	Has free indicator	20200309	20991231	
46162070	37310858	Has AMP restr ind	20200309	20991231	
46162070	46085422	Is a	20150131	20991231	
46162071	4187570	Has basis str subst	20180731	20991231	
46162071	4293448	Has disp dose form	20180731	20991231	
46162071	35607932	Has non-avail ind	20180731	20991231	
46162071	35608652	Is a	20180731	20991231	
46162071	35626950	Has excipient	20180731	20991231	
46162071	35626973	VMP has prescr stat	20180731	20991231	
46162071	35626986	Has legal category	20180731	20991231	
46162071	35626993	Has disc indicator	20180731	20991231	
46162071	37207390	Has CD category	20190731	20991231	
46162071	37310855	Has AMP restr ind	20200309	20991231	
46162072	4187570	Has basis str subst	20180731	20991231	
46162072	4294600	Has disp dose form	20180731	20991231	
46162072	35607932	Has non-avail ind	20180731	20991231	
46162072	35608652	Is a	20180731	20991231	
46162072	35626950	Has excipient	20180731	20991231	
46162072	35626973	VMP has prescr stat	20180731	20991231	
46162072	35626986	Has legal category	20180731	20991231	
46162072	35626993	Has disc indicator	20180731	20991231	
46162072	37207390	Has CD category	20190731	20991231	
46162072	37310855	Has AMP restr ind	20200309	20991231	
46162072	46024365	Has AMP	20150131	20991231	
46162077	4220077	Has spec active ing	20180731	20991231	
46162077	4282140	Has disp dose form	20180731	20991231	
46162077	35607932	Has non-avail ind	20180731	20991231	
46162077	35608652	Is a	20180731	20991231	
46162077	35626973	VMP has prescr stat	20180731	20991231	
46162077	35626987	Has legal category	20180731	20991231	
46162077	35626993	Has disc indicator	20180731	20991231	
46162077	37207390	Has CD category	20190731	20991231	
46162077	37309772	Has free indicator	20200309	20991231	
46162077	37310858	Has AMP restr ind	20200309	20991231	
46162077	46024370	Has AMP	20150131	20991231	
46162077	46085415	Is a	20150131	20991231	
46162078	4220077	Has spec active ing	20180731	20991231	
46162078	4282140	Has disp dose form	20180731	20991231	
46162078	35607932	Has non-avail ind	20180731	20991231	
46162078	35608652	Is a	20180731	20991231	
46162078	35626973	VMP has prescr stat	20180731	20991231	
46162078	35626987	Has legal category	20180731	20991231	
46162078	35626993	Has disc indicator	20180731	20991231	
46162078	37207390	Has CD category	20190731	20991231	
46162078	37309772	Has free indicator	20200309	20991231	
46162078	37310858	Has AMP restr ind	20200309	20991231	
46162078	46024370	Has AMP	20150131	20991231	
46162078	46085414	Is a	20150131	20991231	
46162079	4294612	Has disp dose form	20180731	20991231	
46162079	35607932	Has non-avail ind	20180731	20991231	
46162079	35608652	Is a	20180731	20991231	
46162079	35626950	Has excipient	20180731	20991231	
46162079	35626973	VMP has prescr stat	20180731	20991231	
46162079	35626985	Has legal category	20180731	20991231	
46162079	35626991	Has disc indicator	20180731	20991231	
46162079	37207390	Has CD category	20190731	20991231	
46162079	37310858	Has AMP restr ind	20200309	20991231	
46162079	46024371	Has AMP	20150131	20991231	
46162080	4297957	Has disp dose form	20180731	20991231	
46162080	35607932	Has non-avail ind	20180731	20991231	
46162080	35608652	Is a	20180731	20991231	
46162080	35626950	Has excipient	20180731	20991231	
46162080	35626973	VMP has prescr stat	20180731	20991231	
46162080	35626985	Has legal category	20180731	20991231	
46162080	35626993	Has disc indicator	20180731	20991231	
46162080	37207390	Has CD category	20190731	20991231	
46162080	37310858	Has AMP restr ind	20200309	20991231	
46162080	46024372	Has AMP	20150131	20991231	
46162080	46090565	Is a	20150131	20991231	
46162083	4297957	Has disp dose form	20180731	20991231	
46162083	35607932	Has non-avail ind	20180731	20991231	
46162083	35608652	Is a	20180731	20991231	
46162083	35626950	Has excipient	20180731	20991231	
46162083	35626973	VMP has prescr stat	20180731	20991231	
46162083	35626985	Has legal category	20180731	20991231	
46162083	35626993	Has disc indicator	20180731	20991231	
46162083	37207390	Has CD category	20190731	20991231	
46162083	37310858	Has AMP restr ind	20200309	20991231	
46162083	46024373	Has AMP	20150131	20991231	
46162083	46090898	Is a	20150131	20991231	
46162084	4224882	Has disp dose form	20180731	20991231	
46162084	35607932	Has non-avail ind	20180731	20991231	
46162084	35608652	Is a	20180731	20991231	
46162084	35626950	Has excipient	20180731	20991231	
46162084	35626975	VMP has prescr stat	20180731	20991231	
46162084	35626986	Has legal category	20180731	20991231	
46162084	35626993	Has disc indicator	20180731	20991231	
46162084	37207390	Has CD category	20190731	20991231	
46162084	46024374	Has AMP	20150131	20991231	
46162085	4301095	Has spec active ing	20180731	20991231	
46162085	35607932	Has non-avail ind	20180731	20991231	
46162085	35608652	Is a	20180731	20991231	
46162085	35626950	Has excipient	20180731	20991231	
46162085	35626973	VMP has prescr stat	20180731	20991231	
46162085	35626986	Has legal category	20180731	20991231	
46162085	35626993	Has disc indicator	20180731	20991231	
46162085	37207390	Has CD category	20190731	20991231	
46162085	37310855	Has AMP restr ind	20200309	20991231	
46162085	46024375	Has AMP	20150131	20991231	
46162085	46085412	Is a	20150131	20991231	
46162087	4294612	Has disp dose form	20180731	20991231	
46162087	4304297	Has spec active ing	20180731	20991231	
46162087	35607932	Has non-avail ind	20180731	20991231	
46162087	35608652	Is a	20180731	20991231	
46162087	35626950	Has excipient	20180731	20991231	
46162087	35626975	VMP has prescr stat	20180731	20991231	
46162087	35626988	Has legal category	20180731	20991231	
46162087	35626993	Has disc indicator	20180731	20991231	
46162087	37207390	Has CD category	20190731	20991231	
46162087	37310858	Has AMP restr ind	20200309	20991231	
46162087	45957233	Has spec active ing	20180731	20991231	
46162087	46085410	Is a	20150131	20991231	
46162088	4294612	Has disp dose form	20180731	20991231	
46162088	4304297	Has spec active ing	20180731	20991231	
46162088	35607932	Has non-avail ind	20180731	20991231	
46162088	35608652	Is a	20180731	20991231	
46162088	35626950	Has excipient	20180731	20991231	
46162088	35626975	VMP has prescr stat	20180731	20991231	
46162088	35626988	Has legal category	20180731	20991231	
46162088	35626992	Has disc indicator	20180731	20991231	
46162088	37207390	Has CD category	20190731	20991231	
46162088	37310856	Has AMP restr ind	20200309	20991231	
46162088	45957233	Has spec active ing	20180731	20991231	
46162089	4294756	Has disp dose form	20180731	20991231	
46162089	35608652	Is a	20180731	20991231	
46162089	35626950	Has excipient	20180731	20991231	
46162089	35626973	VMP has prescr stat	20180731	20991231	
46162089	35626986	Has legal category	20180731	20991231	
46162089	35626992	Has disc indicator	20200309	20991231	
46162089	37207390	Has CD category	20190731	20991231	
46162089	37310856	Has AMP restr ind	20200309	20991231	
46162089	46024379	Has AMP	20150131	20991231	
46162089	46085408	Is a	20150131	20991231	
46162090	4183551	Has spec active ing	20180731	20991231	
46162090	4298776	Has disp dose form	20180731	20991231	
46162090	35607932	Has non-avail ind	20180731	20991231	
46162090	35608652	Is a	20180731	20991231	
46162090	35626950	Has excipient	20180731	20991231	
46162090	35626973	VMP has prescr stat	20180731	20991231	
46162090	35626988	Has legal category	20180731	20991231	
46162090	35626992	Has disc indicator	20180731	20991231	
46162090	37207390	Has CD category	20190731	20991231	
46162090	37310856	Has AMP restr ind	20200309	20991231	
46162090	46099481	Is a	20150131	20991231	
46162092	4271056	Has spec active ing	20180731	20991231	
46162092	4294612	Has disp dose form	20180731	20991231	
46162092	35607932	Has non-avail ind	20180731	20991231	
46162092	35608652	Is a	20180731	20991231	
46162092	35626950	Has excipient	20180731	20991231	
46162092	35626973	VMP has prescr stat	20180731	20991231	
46162092	35626986	Has legal category	20180731	20991231	
46162092	35626993	Has disc indicator	20180731	20991231	
46162092	37207390	Has CD category	20190731	20991231	
46162093	4294612	Has disp dose form	20180731	20991231	
46162093	4304294	Has spec active ing	20180731	20991231	
46162093	35607932	Has non-avail ind	20180731	20991231	
46162093	35608652	Is a	20180731	20991231	
46162093	35626950	Has excipient	20180731	20991231	
46162093	35626973	VMP has prescr stat	20180731	20991231	
46162093	35626986	Has legal category	20180731	20991231	
46162093	35626992	Has disc indicator	20180731	20991231	
46162093	37207390	Has CD category	20190731	20991231	
46162093	37310856	Has AMP restr ind	20200309	20991231	
46162095	4053666	Has spec active ing	20180731	20991231	
46162095	4219889	Has spec active ing	20190131	20991231	
46162095	4297957	Has disp dose form	20180731	20991231	
46162095	35607932	Has non-avail ind	20180731	20991231	
46162095	35608652	Is a	20180731	20991231	
46162095	35626950	Has excipient	20180731	20991231	
46162095	35626973	VMP has prescr stat	20180731	20991231	
46162095	35626985	Has legal category	20180731	20991231	
46162095	35626992	Has disc indicator	20180731	20991231	
46162095	37207390	Has CD category	20190731	20991231	
46162095	37310858	Has AMP restr ind	20200309	20991231	
46162095	46024384	Has AMP	20150131	20991231	
46162096	4023399	Has spec active ing	20180731	20991231	
46162096	4134357	Has basis str subst	20180731	20991231	
46162096	4293448	Has disp dose form	20180731	20991231	
46162096	35607932	Has non-avail ind	20180731	20991231	
46162096	35608652	Is a	20180731	20991231	
46162096	35626950	Has excipient	20180731	20991231	
46162096	35626973	VMP has prescr stat	20180731	20991231	
46162096	35626986	Has legal category	20180731	20991231	
46162096	35626993	Has disc indicator	20180731	20991231	
46162096	37207390	Has CD category	20190731	20991231	
46162096	37310855	Has AMP restr ind	20200309	20991231	
46162096	46024385	Has AMP	20150131	20991231	
46162096	46085404	Is a	20150131	20991231	
46162098	4294757	Has disp dose form	20180731	20991231	
46162098	35608652	Is a	20180731	20991231	
46162098	35626950	Has excipient	20180731	20991231	
46162098	35626975	VMP has prescr stat	20180731	20991231	
46162098	35626980	Has non-avail ind	20180731	20991231	
46162098	35626986	Has legal category	20180731	20991231	
46162098	35626992	Has disc indicator	20180731	20991231	
46162098	37207390	Has CD category	20190731	20991231	
46162098	37310856	Has AMP restr ind	20200309	20991231	
46162098	46085402	Is a	20150131	20991231	
46162100	4294756	Has disp dose form	20180731	20991231	
46162100	35608652	Is a	20180731	20991231	
46162100	35626950	Has excipient	20180731	20991231	
46162100	35626973	VMP has prescr stat	20180731	20991231	
46162100	35626986	Has legal category	20180731	20991231	
46162100	37207390	Has CD category	20190731	20991231	
46162100	46085400	Is a	20150131	20991231	
46162101	4298876	Has disp dose form	20180731	20991231	
46162101	35607932	Has non-avail ind	20180731	20991231	
46162101	35608652	Is a	20180731	20991231	
46162101	35626950	Has excipient	20180731	20991231	
46162101	35626973	VMP has prescr stat	20180731	20991231	
46162101	35626986	Has legal category	20180731	20991231	
46162101	35626993	Has disc indicator	20180731	20991231	
46162101	37207390	Has CD category	20190731	20991231	
46162101	37310855	Has AMP restr ind	20200309	20991231	
46162101	46085399	Is a	20150131	20991231	
46162102	35607932	Has non-avail ind	20180731	20991231	
46162102	35608652	Is a	20180731	20991231	
46162102	35626950	Has excipient	20180731	20991231	
46162102	35626975	VMP has prescr stat	20180731	20991231	
46162102	35626988	Has legal category	20180731	20991231	
46162102	35626993	Has disc indicator	20180731	20991231	
46162102	37207390	Has CD category	20190731	20991231	
46162102	37310858	Has AMP restr ind	20200309	20991231	
46162102	46024391	Has AMP	20150131	20991231	
46162103	4293448	Has disp dose form	20180731	20991231	
46162103	35607932	Has non-avail ind	20180731	20991231	
46162103	35608652	Is a	20180731	20991231	
46162103	35626950	Has excipient	20180731	20991231	
46162103	35626973	VMP has prescr stat	20180731	20991231	
46162103	35626986	Has legal category	20180731	20991231	
46162103	35626993	Has disc indicator	20180731	20991231	
46162103	37207390	Has CD category	20190731	20991231	
46162103	37310855	Has AMP restr ind	20200309	20991231	
46162103	46085397	Is a	20150131	20991231	
46162104	4294600	Has disp dose form	20180731	20991231	
46162104	35607932	Has non-avail ind	20180731	20991231	
46162104	35608652	Is a	20180731	20991231	
46162104	35626950	Has excipient	20180731	20991231	
46162104	35626973	VMP has prescr stat	20180731	20991231	
46162104	35626986	Has legal category	20180731	20991231	
46162104	35626993	Has disc indicator	20180731	20991231	
46162104	37207390	Has CD category	20190731	20991231	
46162104	37310855	Has AMP restr ind	20200309	20991231	
46162104	46085396	Is a	20150131	20991231	
46162107	4293448	Has disp dose form	20180731	20991231	
46162107	35607932	Has non-avail ind	20180731	20991231	
46162107	35608652	Is a	20180731	20991231	
46162107	35626950	Has excipient	20180731	20991231	
46162107	35626973	VMP has prescr stat	20180731	20991231	
46162107	35626986	Has legal category	20180731	20991231	
46162107	35626993	Has disc indicator	20180731	20991231	
46162107	37207390	Has CD category	20190731	20991231	
46162107	37310855	Has AMP restr ind	20200309	20991231	
46162107	46024396	Has AMP	20150131	20991231	
46162107	46085393	Is a	20150131	20991231	
46162109	4294600	Has disp dose form	20180731	20991231	
46162109	35607932	Has non-avail ind	20180731	20991231	
46162109	35608652	Is a	20180731	20991231	
46162109	35626950	Has excipient	20180731	20991231	
46162109	35626973	VMP has prescr stat	20180731	20991231	
46162109	35626986	Has legal category	20180731	20991231	
46162109	35626993	Has disc indicator	20180731	20991231	
46162109	37207390	Has CD category	20190731	20991231	
46162109	37310855	Has AMP restr ind	20200309	20991231	
46162109	46024398	Has AMP	20150131	20991231	
46162110	4294600	Has disp dose form	20180731	20991231	
46162110	35607932	Has non-avail ind	20180731	20991231	
46162110	35608652	Is a	20180731	20991231	
46162110	35626950	Has excipient	20180731	20991231	
46162110	35626973	VMP has prescr stat	20180731	20991231	
46162110	35626986	Has legal category	20180731	20991231	
46162110	35626993	Has disc indicator	20180731	20991231	
46162110	37207390	Has CD category	20190731	20991231	
46162110	37310855	Has AMP restr ind	20200309	20991231	
46162110	46024399	Has AMP	20150131	20991231	
46162111	4293448	Has disp dose form	20180731	20991231	
46162111	35607932	Has non-avail ind	20180731	20991231	
46162111	35608652	Is a	20180731	20991231	
46162111	35626950	Has excipient	20180731	20991231	
46162111	35626973	VMP has prescr stat	20180731	20991231	
46162111	35626986	Has legal category	20180731	20991231	
46162111	35626993	Has disc indicator	20180731	20991231	
46162111	37207390	Has CD category	20190731	20991231	
46162111	37310855	Has AMP restr ind	20200309	20991231	
46162111	46085389	Is a	20150131	20991231	
46162112	4293448	Has disp dose form	20180731	20991231	
46162112	35607932	Has non-avail ind	20180731	20991231	
46162112	35608652	Is a	20180731	20991231	
46162112	35626950	Has excipient	20180731	20991231	
46162112	35626973	VMP has prescr stat	20180731	20991231	
46162112	35626986	Has legal category	20180731	20991231	
46162112	35626993	Has disc indicator	20180731	20991231	
46162112	37207390	Has CD category	20190731	20991231	
46162112	37310855	Has AMP restr ind	20200309	20991231	
46162112	46085388	Is a	20150131	20991231	
46162113	4294600	Has disp dose form	20180731	20991231	
46162113	35607932	Has non-avail ind	20180731	20991231	
46162113	35608652	Is a	20180731	20991231	
46162113	35626950	Has excipient	20180731	20991231	
46162113	35626973	VMP has prescr stat	20180731	20991231	
46162113	35626986	Has legal category	20180731	20991231	
46162113	35626993	Has disc indicator	20180731	20991231	
46162113	37207390	Has CD category	20190731	20991231	
46162113	37310855	Has AMP restr ind	20200309	20991231	
46162113	46024402	Has AMP	20150131	20991231	
46162114	4029636	Has excipient	20180731	20991231	
46162114	4305019	Has spec active ing	20180731	20991231	
46162114	35607932	Has non-avail ind	20180731	20991231	
46162114	35608652	Is a	20180731	20991231	
46162114	35626973	VMP has prescr stat	20180731	20991231	
46162114	35626986	Has legal category	20180731	20991231	
46162114	35626993	Has disc indicator	20180731	20991231	
46162114	37207390	Has CD category	20190731	20991231	
46162114	37310858	Has AMP restr ind	20200309	20991231	
46162114	46024403	Has AMP	20150131	20991231	
46162114	46085386	Is a	20150131	20991231	
46162118	4294600	Has disp dose form	20180731	20991231	
46162118	35607932	Has non-avail ind	20180731	20991231	
46162118	35608652	Is a	20180731	20991231	
46162118	35626950	Has excipient	20180731	20991231	
46162118	35626973	VMP has prescr stat	20180731	20991231	
46162118	35626986	Has legal category	20180731	20991231	
46162118	35626993	Has disc indicator	20180731	20991231	
46162118	37207390	Has CD category	20190731	20991231	
46162118	37310855	Has AMP restr ind	20200309	20991231	
46162118	46085382	Is a	20150131	20991231	
46162121	35607932	Has non-avail ind	20180731	20991231	
46162121	35626975	VMP has prescr stat	20180731	20991231	
46162121	35626985	Has legal category	20180731	20991231	
46162121	35626993	Has disc indicator	20180731	20991231	
46162121	37207390	Has CD category	20190731	20991231	
46162121	37209199	Is a	20190731	20991231	
46162121	37310858	Has AMP restr ind	20200309	20991231	
46162121	46091834	Is a	20150131	20991231	
46162121	46162121	Mapped from	20180731	20991231	
46162121	46162121	Maps to	20180731	20991231	
46162125	35607932	Has non-avail ind	20180731	20991231	
46162125	35626975	VMP has prescr stat	20180731	20991231	
46162125	35626985	Has legal category	20180731	20991231	
46162125	35626993	Has disc indicator	20180731	20991231	
46162125	37207390	Has CD category	20190731	20991231	
46162125	37209199	Is a	20190731	20991231	
46162125	37310858	Has AMP restr ind	20200309	20991231	
46162125	46091834	Is a	20150131	20991231	
46162125	46162125	Mapped from	20180731	20991231	
46162125	46162125	Maps to	20180731	20991231	
46162128	35607932	Has non-avail ind	20180731	20991231	
46162128	35626975	VMP has prescr stat	20180731	20991231	
46162128	35626985	Has legal category	20180731	20991231	
46162128	35626993	Has disc indicator	20180731	20991231	
46162128	37207390	Has CD category	20190731	20991231	
46162128	37209199	Is a	20190731	20991231	
46162128	37310858	Has AMP restr ind	20200309	20991231	
46162128	46024418	Has AMP	20150131	20991231	
46162128	46091834	Is a	20150131	20991231	
46162128	46162128	Mapped from	20180731	20991231	
46162128	46162128	Maps to	20180731	20991231	
46162130	35607932	Has non-avail ind	20180731	20991231	
46162130	35626975	VMP has prescr stat	20180731	20991231	
46162130	35626985	Has legal category	20180731	20991231	
46162130	35626993	Has disc indicator	20180731	20991231	
46162130	37207390	Has CD category	20190731	20991231	
46162130	37209199	Is a	20190731	20991231	
46162130	37310858	Has AMP restr ind	20200309	20991231	
46162130	46091834	Is a	20150131	20991231	
46162130	46162130	Mapped from	20180731	20991231	
46162130	46162130	Maps to	20180731	20991231	
46162131	35607932	Has non-avail ind	20180731	20991231	
46162131	35626975	VMP has prescr stat	20180731	20991231	
46162131	35626985	Has legal category	20180731	20991231	
46162131	35626993	Has disc indicator	20180731	20991231	
46162131	37207390	Has CD category	20190731	20991231	
46162131	37209199	Is a	20190731	20991231	
46162131	37310858	Has AMP restr ind	20200309	20991231	
46162131	46091834	Is a	20150131	20991231	
46162131	46162131	Mapped from	20180731	20991231	
46162131	46162131	Maps to	20180731	20991231	
46162132	35607932	Has non-avail ind	20180731	20991231	
46162132	35626975	VMP has prescr stat	20180731	20991231	
46162132	35626985	Has legal category	20180731	20991231	
46162132	35626993	Has disc indicator	20180731	20991231	
46162132	37207390	Has CD category	20190731	20991231	
46162132	37209199	Is a	20190731	20991231	
46162132	37310858	Has AMP restr ind	20200309	20991231	
46162132	46024420	Has AMP	20150131	20991231	
46162132	46091834	Is a	20150131	20991231	
46162132	46162132	Mapped from	20180731	20991231	
46162132	46162132	Maps to	20180731	20991231	
46162134	35607932	Has non-avail ind	20180731	20991231	
46162134	35626975	VMP has prescr stat	20180731	20991231	
46162134	35626985	Has legal category	20180731	20991231	
46162134	35626993	Has disc indicator	20180731	20991231	
46162134	37207390	Has CD category	20190731	20991231	
46162134	37209199	Is a	20190731	20991231	
46162134	37310858	Has AMP restr ind	20200309	20991231	
46162134	46024423	Has AMP	20150131	20991231	
46162134	46091834	Is a	20150131	20991231	
46162134	46162134	Mapped from	20180731	20991231	
46162134	46162134	Maps to	20180731	20991231	
46162135	35607932	Has non-avail ind	20180731	20991231	
46162135	35626975	VMP has prescr stat	20180731	20991231	
46162135	35626985	Has legal category	20180731	20991231	
46162135	35626993	Has disc indicator	20180731	20991231	
46162135	37207390	Has CD category	20190731	20991231	
46162135	37209199	Is a	20190731	20991231	
46162135	37310858	Has AMP restr ind	20200309	20991231	
46162135	46091834	Is a	20150131	20991231	
46162135	46162135	Mapped from	20180731	20991231	
46162135	46162135	Maps to	20180731	20991231	
46162136	35607932	Has non-avail ind	20180731	20991231	
46162136	35626975	VMP has prescr stat	20180731	20991231	
46162136	35626985	Has legal category	20180731	20991231	
46162136	35626993	Has disc indicator	20180731	20991231	
46162136	37207390	Has CD category	20190731	20991231	
46162136	37209199	Is a	20190731	20991231	
46162136	37310858	Has AMP restr ind	20200309	20991231	
46162136	46091834	Is a	20150131	20991231	
46162136	46162136	Mapped from	20180731	20991231	
46162136	46162136	Maps to	20180731	20991231	
46162141	35607932	Has non-avail ind	20180731	20991231	
46162141	35626975	VMP has prescr stat	20180731	20991231	
46162141	35626985	Has legal category	20180731	20991231	
46162141	35626993	Has disc indicator	20180731	20991231	
46162141	37207390	Has CD category	20190731	20991231	
46162141	37209199	Is a	20190731	20991231	
46162141	37310858	Has AMP restr ind	20200309	20991231	
46162141	46024430	Has AMP	20150131	20991231	
46162141	46091834	Is a	20150131	20991231	
46162141	46162141	Mapped from	20180731	20991231	
46162141	46162141	Maps to	20180731	20991231	
46162146	35607932	Has non-avail ind	20180731	20991231	
46162146	35626975	VMP has prescr stat	20180731	20991231	
46162146	35626985	Has legal category	20180731	20991231	
46162146	35626993	Has disc indicator	20180731	20991231	
46162146	37207390	Has CD category	20190731	20991231	
46162146	37209199	Is a	20190731	20991231	
46162146	37310858	Has AMP restr ind	20200309	20991231	
46162146	46024435	Has AMP	20150131	20991231	
46162146	46091834	Is a	20150131	20991231	
46162146	46162146	Mapped from	20180731	20991231	
46162146	46162146	Maps to	20180731	20991231	
46162148	35607932	Has non-avail ind	20180731	20991231	
46162148	35626975	VMP has prescr stat	20180731	20991231	
46162148	35626985	Has legal category	20180731	20991231	
46162148	35626993	Has disc indicator	20180731	20991231	
46162148	37207390	Has CD category	20190731	20991231	
46162148	37209199	Is a	20190731	20991231	
46162148	37310858	Has AMP restr ind	20200309	20991231	
46162148	46024437	Has AMP	20150131	20991231	
46162148	46091834	Is a	20150131	20991231	
46162148	46162148	Mapped from	20180731	20991231	
46162148	46162148	Maps to	20180731	20991231	
46162149	35607932	Has non-avail ind	20180731	20991231	
46162149	35626975	VMP has prescr stat	20180731	20991231	
46162149	35626985	Has legal category	20180731	20991231	
46162149	35626993	Has disc indicator	20180731	20991231	
46162149	37207390	Has CD category	20190731	20991231	
46162149	37209199	Is a	20190731	20991231	
46162149	37310858	Has AMP restr ind	20200309	20991231	
46162149	46024439	Has AMP	20150131	20991231	
46162149	46091834	Is a	20150131	20991231	
46162149	46162149	Mapped from	20180731	20991231	
46162149	46162149	Maps to	20180731	20991231	
46162151	35607932	Has non-avail ind	20180731	20991231	
46162151	35626975	VMP has prescr stat	20180731	20991231	
46162151	35626985	Has legal category	20180731	20991231	
46162151	35626993	Has disc indicator	20180731	20991231	
46162151	37207390	Has CD category	20190731	20991231	
46162151	37209199	Is a	20190731	20991231	
46162151	37310858	Has AMP restr ind	20200309	20991231	
46162151	46024440	Has AMP	20150131	20991231	
46162151	46091834	Is a	20150131	20991231	
46162151	46162151	Mapped from	20180731	20991231	
46162151	46162151	Maps to	20180731	20991231	
46162153	35607932	Has non-avail ind	20180731	20991231	
46162153	35626975	VMP has prescr stat	20180731	20991231	
46162153	35626985	Has legal category	20180731	20991231	
46162153	35626993	Has disc indicator	20180731	20991231	
46162153	37207390	Has CD category	20190731	20991231	
46162153	37209199	Is a	20190731	20991231	
46162153	37310858	Has AMP restr ind	20200309	20991231	
46162153	46024442	Has AMP	20150131	20991231	
46162153	46091834	Is a	20150131	20991231	
46162153	46162153	Mapped from	20180731	20991231	
46162153	46162153	Maps to	20180731	20991231	
46162155	35607932	Has non-avail ind	20180731	20991231	
46162155	35626975	VMP has prescr stat	20180731	20991231	
46162155	35626985	Has legal category	20180731	20991231	
46162155	35626993	Has disc indicator	20180731	20991231	
46162155	37207390	Has CD category	20190731	20991231	
46162155	37209199	Is a	20190731	20991231	
46162155	37310858	Has AMP restr ind	20200309	20991231	
46162155	46091834	Is a	20150131	20991231	
46162155	46162155	Mapped from	20180731	20991231	
46162155	46162155	Maps to	20180731	20991231	
46162160	35607932	Has non-avail ind	20180731	20991231	
46162160	35626975	VMP has prescr stat	20180731	20991231	
46162160	35626985	Has legal category	20180731	20991231	
46162160	35626993	Has disc indicator	20180731	20991231	
46162160	37207390	Has CD category	20190731	20991231	
46162160	37209199	Is a	20190731	20991231	
46162160	37310858	Has AMP restr ind	20200309	20991231	
46162160	46024449	Has AMP	20150131	20991231	
46162160	46091834	Is a	20150131	20991231	
46162160	46162160	Mapped from	20180731	20991231	
46162160	46162160	Maps to	20180731	20991231	
46162162	35607932	Has non-avail ind	20180731	20991231	
46162162	35626975	VMP has prescr stat	20180731	20991231	
46162162	35626985	Has legal category	20180731	20991231	
46162162	35626993	Has disc indicator	20180731	20991231	
46162162	36708234	Is a	20170131	20991231	
46162162	37207390	Has CD category	20190731	20991231	
46162162	37209199	Is a	20190731	20991231	
46162162	37310858	Has AMP restr ind	20200309	20991231	
46162162	46091834	Is a	20150131	20991231	
46162162	46162162	Mapped from	20180731	20991231	
46162162	46162162	Maps to	20180731	20991231	
46162163	35607932	Has non-avail ind	20180731	20991231	
46162163	35626975	VMP has prescr stat	20180731	20991231	
46162163	35626985	Has legal category	20180731	20991231	
46162163	35626993	Has disc indicator	20180731	20991231	
46162163	37207390	Has CD category	20190731	20991231	
46162163	37209199	Is a	20190731	20991231	
46162163	37310858	Has AMP restr ind	20200309	20991231	
46162163	46024452	Has AMP	20150131	20991231	
46162163	46091834	Is a	20150131	20991231	
46162163	46162163	Mapped from	20180731	20991231	
46162163	46162163	Maps to	20180731	20991231	
46162164	35607932	Has non-avail ind	20180731	20991231	
46162164	35626975	VMP has prescr stat	20180731	20991231	
46162164	35626985	Has legal category	20180731	20991231	
46162164	35626993	Has disc indicator	20180731	20991231	
46162164	36708234	Is a	20170131	20991231	
46162164	37207390	Has CD category	20190731	20991231	
46162164	37209199	Is a	20190731	20991231	
46162164	37310858	Has AMP restr ind	20200309	20991231	
46162164	46091834	Is a	20150131	20991231	
46162164	46162164	Mapped from	20180731	20991231	
46162164	46162164	Maps to	20180731	20991231	
46162165	35607932	Has non-avail ind	20180731	20991231	
46162165	35626975	VMP has prescr stat	20180731	20991231	
46162165	35626985	Has legal category	20180731	20991231	
46162165	35626993	Has disc indicator	20180731	20991231	
46162165	36708234	Is a	20170131	20991231	
46162165	37207390	Has CD category	20190731	20991231	
46162165	37209199	Is a	20190731	20991231	
46162165	37310858	Has AMP restr ind	20200309	20991231	
46162165	46024454	Has AMP	20150131	20991231	
46162165	46091834	Is a	20150131	20991231	
46162165	46162165	Mapped from	20180731	20991231	
46162165	46162165	Maps to	20180731	20991231	
46162166	35607932	Has non-avail ind	20180731	20991231	
46162166	35626975	VMP has prescr stat	20180731	20991231	
46162166	35626985	Has legal category	20180731	20991231	
46162166	35626993	Has disc indicator	20180731	20991231	
46162166	37207390	Has CD category	20190731	20991231	
46162166	37209199	Is a	20190731	20991231	
46162166	37310858	Has AMP restr ind	20200309	20991231	
46162166	46024455	Has AMP	20150131	20991231	
46162166	46091834	Is a	20150131	20991231	
46162166	46162166	Mapped from	20180731	20991231	
46162166	46162166	Maps to	20180731	20991231	
46162171	35607932	Has non-avail ind	20180731	20991231	
46162171	35626975	VMP has prescr stat	20180731	20991231	
46162171	35626985	Has legal category	20180731	20991231	
46162171	35626993	Has disc indicator	20180731	20991231	
46162171	37207390	Has CD category	20190731	20991231	
46162171	37209199	Is a	20190731	20991231	
46162171	37310858	Has AMP restr ind	20200309	20991231	
46162171	46091834	Is a	20150131	20991231	
46162171	46162171	Mapped from	20180731	20991231	
46162171	46162171	Maps to	20180731	20991231	
46162172	35607932	Has non-avail ind	20180731	20991231	
46162172	35626975	VMP has prescr stat	20180731	20991231	
46162172	35626985	Has legal category	20180731	20991231	
46162172	35626993	Has disc indicator	20180731	20991231	
46162172	36708234	Is a	20170131	20991231	
46162172	37207390	Has CD category	20190731	20991231	
46162172	37209199	Is a	20190731	20991231	
46162172	37310858	Has AMP restr ind	20200309	20991231	
46162172	46091834	Is a	20150131	20991231	
46162172	46162172	Mapped from	20180731	20991231	
46162172	46162172	Maps to	20180731	20991231	
46162173	35607932	Has non-avail ind	20180731	20991231	
46162173	35626975	VMP has prescr stat	20180731	20991231	
46162173	35626985	Has legal category	20180731	20991231	
46162173	35626993	Has disc indicator	20180731	20991231	
46162173	37207390	Has CD category	20190731	20991231	
46162173	37209199	Is a	20190731	20991231	
46162173	37310858	Has AMP restr ind	20200309	20991231	
46162173	46091834	Is a	20150131	20991231	
46162173	46162173	Mapped from	20180731	20991231	
46162173	46162173	Maps to	20180731	20991231	
46162176	35607932	Has non-avail ind	20180731	20991231	
46162176	35626975	VMP has prescr stat	20180731	20991231	
46162176	35626985	Has legal category	20180731	20991231	
46162176	35626993	Has disc indicator	20180731	20991231	
46162176	37207390	Has CD category	20190731	20991231	
46162176	37209199	Is a	20190731	20991231	
46162176	37310858	Has AMP restr ind	20200309	20991231	
46162176	46024465	Has AMP	20150131	20991231	
46162176	46091834	Is a	20150131	20991231	
46162176	46162176	Mapped from	20180731	20991231	
46162176	46162176	Maps to	20180731	20991231	
46162178	35607932	Has non-avail ind	20180731	20991231	
46162178	35626975	VMP has prescr stat	20180731	20991231	
46162178	35626985	Has legal category	20180731	20991231	
46162178	35626993	Has disc indicator	20180731	20991231	
46162178	37207390	Has CD category	20190731	20991231	
46162178	37209199	Is a	20190731	20991231	
46162178	37310858	Has AMP restr ind	20200309	20991231	
46162178	46091834	Is a	20150131	20991231	
46162178	46162178	Mapped from	20180731	20991231	
46162178	46162178	Maps to	20180731	20991231	
46162181	35607932	Has non-avail ind	20180731	20991231	
46162181	35626975	VMP has prescr stat	20180731	20991231	
46162181	35626985	Has legal category	20180731	20991231	
46162181	35626993	Has disc indicator	20180731	20991231	
46162181	37207390	Has CD category	20190731	20991231	
46162181	37209199	Is a	20190731	20991231	
46162181	37310858	Has AMP restr ind	20200309	20991231	
46162181	46024471	Has AMP	20150131	20991231	
46162181	46091834	Is a	20150131	20991231	
46162181	46162181	Mapped from	20180731	20991231	
46162181	46162181	Maps to	20180731	20991231	
46162183	35607932	Has non-avail ind	20180731	20991231	
46162183	35626975	VMP has prescr stat	20180731	20991231	
46162183	35626985	Has legal category	20180731	20991231	
46162183	35626993	Has disc indicator	20180731	20991231	
46162183	37207390	Has CD category	20190731	20991231	
46162183	37209199	Is a	20190731	20991231	
46162183	37310858	Has AMP restr ind	20200309	20991231	
46162183	46024472	Has AMP	20150131	20991231	
46162183	46091834	Is a	20150131	20991231	
46162183	46162183	Mapped from	20180731	20991231	
46162183	46162183	Maps to	20180731	20991231	
46162186	35607932	Has non-avail ind	20180731	20991231	
46162186	35626975	VMP has prescr stat	20180731	20991231	
46162186	35626985	Has legal category	20180731	20991231	
46162186	35626993	Has disc indicator	20180731	20991231	
46162186	37207390	Has CD category	20190731	20991231	
46162186	37209199	Is a	20190731	20991231	
46162186	37310858	Has AMP restr ind	20200309	20991231	
46162186	46024475	Has AMP	20150131	20991231	
46162186	46091834	Is a	20150131	20991231	
46162186	46162186	Mapped from	20180731	20991231	
46162186	46162186	Maps to	20180731	20991231	
46162187	35607932	Has non-avail ind	20180731	20991231	
46162187	35626975	VMP has prescr stat	20180731	20991231	
46162187	35626985	Has legal category	20180731	20991231	
46162187	35626993	Has disc indicator	20180731	20991231	
46162187	37207390	Has CD category	20190731	20991231	
46162187	37209199	Is a	20190731	20991231	
46162187	37310858	Has AMP restr ind	20200309	20991231	
46162187	46091834	Is a	20150131	20991231	
46162187	46162187	Mapped from	20180731	20991231	
46162187	46162187	Maps to	20180731	20991231	
46162191	35607932	Has non-avail ind	20180731	20991231	
46162191	35626975	VMP has prescr stat	20180731	20991231	
46162191	35626985	Has legal category	20180731	20991231	
46162191	35626993	Has disc indicator	20180731	20991231	
46162191	37207390	Has CD category	20190731	20991231	
46162191	37209199	Is a	20190731	20991231	
46162191	37310858	Has AMP restr ind	20200309	20991231	
46162191	46024480	Has AMP	20150131	20991231	
46162191	46091834	Is a	20150131	20991231	
46162191	46162191	Mapped from	20180731	20991231	
46162191	46162191	Maps to	20180731	20991231	
46162193	35607932	Has non-avail ind	20180731	20991231	
46162193	35626975	VMP has prescr stat	20180731	20991231	
46162193	35626985	Has legal category	20180731	20991231	
46162193	35626993	Has disc indicator	20180731	20991231	
46162193	37207390	Has CD category	20190731	20991231	
46162193	37209199	Is a	20190731	20991231	
46162193	37310858	Has AMP restr ind	20200309	20991231	
46162193	46024482	Has AMP	20150131	20991231	
46162193	46091834	Is a	20150131	20991231	
46162193	46162193	Mapped from	20180731	20991231	
46162193	46162193	Maps to	20180731	20991231	
46162195	35607932	Has non-avail ind	20180731	20991231	
46162195	35626975	VMP has prescr stat	20180731	20991231	
46162195	35626985	Has legal category	20180731	20991231	
46162195	35626993	Has disc indicator	20180731	20991231	
46162195	37207390	Has CD category	20190731	20991231	
46162195	37209199	Is a	20190731	20991231	
46162195	37310858	Has AMP restr ind	20200309	20991231	
46162195	46024484	Has AMP	20150131	20991231	
46162195	46091834	Is a	20150131	20991231	
46162195	46162195	Mapped from	20180731	20991231	
46162195	46162195	Maps to	20180731	20991231	
46162196	35607932	Has non-avail ind	20180731	20991231	
46162196	35626975	VMP has prescr stat	20180731	20991231	
46162196	35626985	Has legal category	20180731	20991231	
46162196	35626993	Has disc indicator	20180731	20991231	
46162196	37207390	Has CD category	20190731	20991231	
46162196	37209199	Is a	20190731	20991231	
46162196	37310858	Has AMP restr ind	20200309	20991231	
46162196	46024485	Has AMP	20150131	20991231	
46162196	46091834	Is a	20150131	20991231	
46162196	46162196	Mapped from	20180731	20991231	
46162196	46162196	Maps to	20180731	20991231	
46162198	35607932	Has non-avail ind	20180731	20991231	
46162198	35626975	VMP has prescr stat	20180731	20991231	
46162198	35626985	Has legal category	20180731	20991231	
46162198	35626993	Has disc indicator	20180731	20991231	
46162198	37207390	Has CD category	20190731	20991231	
46162198	37209199	Is a	20190731	20991231	
46162198	37310858	Has AMP restr ind	20200309	20991231	
46162198	46091834	Is a	20150131	20991231	
46162198	46162198	Mapped from	20180731	20991231	
46162198	46162198	Maps to	20180731	20991231	
46162202	35607932	Has non-avail ind	20180731	20991231	
46162202	35626975	VMP has prescr stat	20180731	20991231	
46162202	35626985	Has legal category	20180731	20991231	
46162202	35626993	Has disc indicator	20180731	20991231	
46162202	37207390	Has CD category	20190731	20991231	
46162202	37209199	Is a	20190731	20991231	
46162202	37310858	Has AMP restr ind	20200309	20991231	
46162202	46091834	Is a	20150131	20991231	
46162202	46162202	Mapped from	20180731	20991231	
46162202	46162202	Maps to	20180731	20991231	
46162203	35607932	Has non-avail ind	20180731	20991231	
46162203	35626975	VMP has prescr stat	20180731	20991231	
46162203	35626985	Has legal category	20180731	20991231	
46162203	35626993	Has disc indicator	20180731	20991231	
46162203	37207390	Has CD category	20190731	20991231	
46162203	37209199	Is a	20190731	20991231	
46162203	37310858	Has AMP restr ind	20200309	20991231	
46162203	46024492	Has AMP	20150131	20991231	
46162203	46091834	Is a	20150131	20991231	
46162203	46162203	Mapped from	20180731	20991231	
46162203	46162203	Maps to	20180731	20991231	
46162204	35607932	Has non-avail ind	20180731	20991231	
46162204	35626975	VMP has prescr stat	20180731	20991231	
46162204	35626985	Has legal category	20180731	20991231	
46162204	35626993	Has disc indicator	20180731	20991231	
46162204	37207390	Has CD category	20190731	20991231	
46162204	37209199	Is a	20190731	20991231	
46162204	37310858	Has AMP restr ind	20200309	20991231	
46162204	46091834	Is a	20150131	20991231	
46162204	46162204	Mapped from	20180731	20991231	
46162204	46162204	Maps to	20180731	20991231	
46162207	35607932	Has non-avail ind	20180731	20991231	
46162207	35626975	VMP has prescr stat	20180731	20991231	
46162207	35626985	Has legal category	20180731	20991231	
46162207	35626993	Has disc indicator	20180731	20991231	
46162207	37207390	Has CD category	20190731	20991231	
46162207	37209199	Is a	20190731	20991231	
46162207	37310858	Has AMP restr ind	20200309	20991231	
46162207	46024495	Has AMP	20150131	20991231	
46162207	46091834	Is a	20150131	20991231	
46162207	46162207	Mapped from	20180731	20991231	
46162207	46162207	Maps to	20180731	20991231	
46162208	35607932	Has non-avail ind	20180731	20991231	
46162208	35626975	VMP has prescr stat	20180731	20991231	
46162208	35626985	Has legal category	20180731	20991231	
46162208	35626993	Has disc indicator	20180731	20991231	
46162208	37207390	Has CD category	20190731	20991231	
46162208	37209199	Is a	20190731	20991231	
46162208	37310858	Has AMP restr ind	20200309	20991231	
46162208	46024497	Has AMP	20150131	20991231	
46162208	46091834	Is a	20150131	20991231	
46162208	46162208	Mapped from	20180731	20991231	
46162208	46162208	Maps to	20180731	20991231	
46162210	35607932	Has non-avail ind	20180731	20991231	
46162210	35626975	VMP has prescr stat	20180731	20991231	
46162210	35626985	Has legal category	20180731	20991231	
46162210	35626993	Has disc indicator	20180731	20991231	
46162210	37207390	Has CD category	20190731	20991231	
46162210	37209199	Is a	20190731	20991231	
46162210	37310858	Has AMP restr ind	20200309	20991231	
46162210	46024499	Has AMP	20150131	20991231	
46162210	46091834	Is a	20150131	20991231	
46162210	46162210	Mapped from	20180731	20991231	
46162210	46162210	Maps to	20180731	20991231	
46162211	35607932	Has non-avail ind	20180731	20991231	
46162211	35626975	VMP has prescr stat	20180731	20991231	
46162211	35626985	Has legal category	20180731	20991231	
46162211	35626993	Has disc indicator	20180731	20991231	
46162211	37207390	Has CD category	20190731	20991231	
46162211	37209199	Is a	20190731	20991231	
46162211	37310858	Has AMP restr ind	20200309	20991231	
46162211	46091834	Is a	20150131	20991231	
46162211	46162211	Mapped from	20180731	20991231	
46162211	46162211	Maps to	20180731	20991231	
46162213	35607932	Has non-avail ind	20180731	20991231	
46162213	35626975	VMP has prescr stat	20180731	20991231	
46162213	35626985	Has legal category	20180731	20991231	
46162213	35626993	Has disc indicator	20180731	20991231	
46162213	37207390	Has CD category	20190731	20991231	
46162213	37209199	Is a	20190731	20991231	
46162213	37310858	Has AMP restr ind	20200309	20991231	
46162213	46091834	Is a	20150131	20991231	
46162213	46162213	Mapped from	20180731	20991231	
46162213	46162213	Maps to	20180731	20991231	
46162214	35607932	Has non-avail ind	20180731	20991231	
46162214	35626975	VMP has prescr stat	20180731	20991231	
46162214	35626985	Has legal category	20180731	20991231	
46162214	35626993	Has disc indicator	20180731	20991231	
46162214	37207390	Has CD category	20190731	20991231	
46162214	37209199	Is a	20190731	20991231	
46162214	37310858	Has AMP restr ind	20200309	20991231	
46162214	46091834	Is a	20150131	20991231	
46162214	46162214	Mapped from	20180731	20991231	
46162214	46162214	Maps to	20180731	20991231	
46162216	35607932	Has non-avail ind	20180731	20991231	
46162216	35626975	VMP has prescr stat	20180731	20991231	
46162216	35626985	Has legal category	20180731	20991231	
46162216	35626993	Has disc indicator	20180731	20991231	
46162216	37207390	Has CD category	20190731	20991231	
46162216	37209199	Is a	20190731	20991231	
46162216	37310858	Has AMP restr ind	20200309	20991231	
46162216	46091834	Is a	20150131	20991231	
46162216	46162216	Mapped from	20180731	20991231	
46162216	46162216	Maps to	20180731	20991231	
46162217	35607932	Has non-avail ind	20180731	20991231	
46162217	35626975	VMP has prescr stat	20180731	20991231	
46162217	35626985	Has legal category	20180731	20991231	
46162217	35626993	Has disc indicator	20180731	20991231	
46162217	37207390	Has CD category	20190731	20991231	
46162217	37209199	Is a	20190731	20991231	
46162217	37310858	Has AMP restr ind	20200309	20991231	
46162217	46024506	Has AMP	20150131	20991231	
46162217	46091834	Is a	20150131	20991231	
46162217	46162217	Mapped from	20180731	20991231	
46162217	46162217	Maps to	20180731	20991231	
46162221	35607932	Has non-avail ind	20180731	20991231	
46162221	35626975	VMP has prescr stat	20180731	20991231	
46162221	35626985	Has legal category	20180731	20991231	
46162221	35626993	Has disc indicator	20180731	20991231	
46162221	37207390	Has CD category	20190731	20991231	
46162221	37209199	Is a	20190731	20991231	
46162221	37310858	Has AMP restr ind	20200309	20991231	
46162221	46091834	Is a	20150131	20991231	
46162221	46162221	Mapped from	20180731	20991231	
46162221	46162221	Maps to	20180731	20991231	
46162223	35607932	Has non-avail ind	20180731	20991231	
46162223	35626975	VMP has prescr stat	20180731	20991231	
46162223	35626985	Has legal category	20180731	20991231	
46162223	35626993	Has disc indicator	20180731	20991231	
46162223	37207390	Has CD category	20190731	20991231	
46162223	37209199	Is a	20190731	20991231	
46162223	37310858	Has AMP restr ind	20200309	20991231	
46162223	46091834	Is a	20150131	20991231	
46162223	46162223	Mapped from	20180731	20991231	
46162223	46162223	Maps to	20180731	20991231	
46162224	35607932	Has non-avail ind	20180731	20991231	
46162224	35626975	VMP has prescr stat	20180731	20991231	
46162224	35626985	Has legal category	20180731	20991231	
46162224	35626993	Has disc indicator	20180731	20991231	
46162224	37207390	Has CD category	20190731	20991231	
46162224	37209199	Is a	20190731	20991231	
46162224	37310858	Has AMP restr ind	20200309	20991231	
46162224	46091834	Is a	20150131	20991231	
46162224	46162224	Mapped from	20180731	20991231	
46162224	46162224	Maps to	20180731	20991231	
46162225	35607932	Has non-avail ind	20180731	20991231	
46162225	35626975	VMP has prescr stat	20180731	20991231	
46162225	35626985	Has legal category	20180731	20991231	
46162225	35626993	Has disc indicator	20180731	20991231	
46162225	37207390	Has CD category	20190731	20991231	
46162225	37209199	Is a	20190731	20991231	
46162225	37310858	Has AMP restr ind	20200309	20991231	
46162225	46091834	Is a	20150131	20991231	
46162225	46162225	Mapped from	20180731	20991231	
46162225	46162225	Maps to	20180731	20991231	
46162227	35607932	Has non-avail ind	20180731	20991231	
46162227	35626975	VMP has prescr stat	20180731	20991231	
46162227	35626985	Has legal category	20180731	20991231	
46162227	35626993	Has disc indicator	20180731	20991231	
46162227	37207390	Has CD category	20190731	20991231	
46162227	37209199	Is a	20190731	20991231	
46162227	37310858	Has AMP restr ind	20200309	20991231	
46162227	46024516	Has AMP	20150131	20991231	
46162227	46091834	Is a	20150131	20991231	
46162227	46162227	Mapped from	20180731	20991231	
46162227	46162227	Maps to	20180731	20991231	
46162228	35607932	Has non-avail ind	20180731	20991231	
46162228	35626975	VMP has prescr stat	20180731	20991231	
46162228	35626985	Has legal category	20180731	20991231	
46162228	35626993	Has disc indicator	20180731	20991231	
46162228	37207390	Has CD category	20190731	20991231	
46162228	37209199	Is a	20190731	20991231	
46162228	37310858	Has AMP restr ind	20200309	20991231	
46162228	46091834	Is a	20150131	20991231	
46162228	46162228	Mapped from	20180731	20991231	
46162228	46162228	Maps to	20180731	20991231	
46162230	35607932	Has non-avail ind	20180731	20991231	
46162230	35626975	VMP has prescr stat	20180731	20991231	
46162230	35626985	Has legal category	20180731	20991231	
46162230	35626993	Has disc indicator	20180731	20991231	
46162230	37207390	Has CD category	20190731	20991231	
46162230	37209199	Is a	20190731	20991231	
46162230	37310858	Has AMP restr ind	20200309	20991231	
46162230	46024519	Has AMP	20150131	20991231	
46162230	46091834	Is a	20150131	20991231	
46162230	46162230	Mapped from	20180731	20991231	
46162230	46162230	Maps to	20180731	20991231	
46162231	35607932	Has non-avail ind	20180731	20991231	
46162231	35626975	VMP has prescr stat	20180731	20991231	
46162231	35626985	Has legal category	20180731	20991231	
46162231	35626993	Has disc indicator	20180731	20991231	
46162231	37207390	Has CD category	20190731	20991231	
46162231	37209199	Is a	20190731	20991231	
46162231	37310858	Has AMP restr ind	20200309	20991231	
46162231	46091834	Is a	20150131	20991231	
46162231	46162231	Mapped from	20180731	20991231	
46162231	46162231	Maps to	20180731	20991231	
46162232	35607932	Has non-avail ind	20180731	20991231	
46162232	35626975	VMP has prescr stat	20180731	20991231	
46162232	35626985	Has legal category	20180731	20991231	
46162232	35626993	Has disc indicator	20180731	20991231	
46162232	37207390	Has CD category	20190731	20991231	
46162232	37209199	Is a	20190731	20991231	
46162232	37310858	Has AMP restr ind	20200309	20991231	
46162232	46024521	Has AMP	20150131	20991231	
46162232	46091834	Is a	20150131	20991231	
46162232	46162232	Mapped from	20180731	20991231	
46162232	46162232	Maps to	20180731	20991231	
46162233	35607932	Has non-avail ind	20180731	20991231	
46162233	35626975	VMP has prescr stat	20180731	20991231	
46162233	35626985	Has legal category	20180731	20991231	
46162233	35626993	Has disc indicator	20180731	20991231	
46162233	37207390	Has CD category	20190731	20991231	
46162233	37209199	Is a	20190731	20991231	
46162233	37310858	Has AMP restr ind	20200309	20991231	
46162233	46024522	Has AMP	20150131	20991231	
46162233	46091834	Is a	20150131	20991231	
46162233	46162233	Mapped from	20180731	20991231	
46162233	46162233	Maps to	20180731	20991231	
46162234	35607932	Has non-avail ind	20180731	20991231	
46162234	35626975	VMP has prescr stat	20180731	20991231	
46162234	35626985	Has legal category	20180731	20991231	
46162234	35626993	Has disc indicator	20180731	20991231	
46162234	37207390	Has CD category	20190731	20991231	
46162234	37209199	Is a	20190731	20991231	
46162234	37310858	Has AMP restr ind	20200309	20991231	
46162234	46024523	Has AMP	20150131	20991231	
46162234	46091834	Is a	20150131	20991231	
46162234	46162234	Mapped from	20180731	20991231	
46162234	46162234	Maps to	20180731	20991231	
46162235	35607932	Has non-avail ind	20180731	20991231	
46162235	35626975	VMP has prescr stat	20180731	20991231	
46162235	35626985	Has legal category	20180731	20991231	
46162235	35626993	Has disc indicator	20180731	20991231	
46162235	37207390	Has CD category	20190731	20991231	
46162235	37209199	Is a	20190731	20991231	
46162235	37310858	Has AMP restr ind	20200309	20991231	
46162235	46024524	Has AMP	20150131	20991231	
46162235	46091834	Is a	20150131	20991231	
46162235	46162235	Mapped from	20180731	20991231	
46162235	46162235	Maps to	20180731	20991231	
46162239	35607932	Has non-avail ind	20180731	20991231	
46162239	35626975	VMP has prescr stat	20180731	20991231	
46162239	35626985	Has legal category	20180731	20991231	
46162239	35626993	Has disc indicator	20180731	20991231	
46162239	37207390	Has CD category	20190731	20991231	
46162239	37209199	Is a	20190731	20991231	
46162239	37310858	Has AMP restr ind	20200309	20991231	
46162239	46024529	Has AMP	20150131	20991231	
46162239	46091834	Is a	20150131	20991231	
46162239	46162239	Mapped from	20180731	20991231	
46162239	46162239	Maps to	20180731	20991231	
46162241	35607932	Has non-avail ind	20180731	20991231	
46162241	35626975	VMP has prescr stat	20180731	20991231	
46162241	35626985	Has legal category	20180731	20991231	
46162241	35626993	Has disc indicator	20180731	20991231	
46162241	37207390	Has CD category	20190731	20991231	
46162241	37209199	Is a	20190731	20991231	
46162241	37310858	Has AMP restr ind	20200309	20991231	
46162241	46091834	Is a	20150131	20991231	
46162241	46162241	Mapped from	20180731	20991231	
46162241	46162241	Maps to	20180731	20991231	
46162243	35607932	Has non-avail ind	20180731	20991231	
46162243	35626975	VMP has prescr stat	20180731	20991231	
46162243	35626985	Has legal category	20180731	20991231	
46162243	35626993	Has disc indicator	20180731	20991231	
46162243	37207390	Has CD category	20190731	20991231	
46162243	37209199	Is a	20190731	20991231	
46162243	37310858	Has AMP restr ind	20200309	20991231	
46162243	46024532	Has AMP	20150131	20991231	
46162243	46091834	Is a	20150131	20991231	
46162243	46162243	Mapped from	20180731	20991231	
46162243	46162243	Maps to	20180731	20991231	
46162244	35607932	Has non-avail ind	20180731	20991231	
46162244	35626975	VMP has prescr stat	20180731	20991231	
46162244	35626985	Has legal category	20180731	20991231	
46162244	35626993	Has disc indicator	20180731	20991231	
46162244	37207390	Has CD category	20190731	20991231	
46162244	37209199	Is a	20190731	20991231	
46162244	37310858	Has AMP restr ind	20200309	20991231	
46162244	46091834	Is a	20150131	20991231	
46162244	46162244	Mapped from	20180731	20991231	
46162244	46162244	Maps to	20180731	20991231	
46162246	35607932	Has non-avail ind	20180731	20991231	
46162246	35626975	VMP has prescr stat	20180731	20991231	
46162246	35626985	Has legal category	20180731	20991231	
46162246	35626993	Has disc indicator	20180731	20991231	
46162246	37207390	Has CD category	20190731	20991231	
46162246	37209199	Is a	20190731	20991231	
46162246	37310858	Has AMP restr ind	20200309	20991231	
46162246	46091834	Is a	20150131	20991231	
46162246	46162246	Mapped from	20180731	20991231	
46162246	46162246	Maps to	20180731	20991231	
46162251	35607932	Has non-avail ind	20180731	20991231	
46162251	35626975	VMP has prescr stat	20180731	20991231	
46162251	35626985	Has legal category	20180731	20991231	
46162251	35626993	Has disc indicator	20180731	20991231	
46162251	36708234	Is a	20170131	20991231	
46162251	37207390	Has CD category	20190731	20991231	
46162251	37209199	Is a	20190731	20991231	
46162251	37310858	Has AMP restr ind	20200309	20991231	
46162251	46024539	Has AMP	20150131	20991231	
46162251	46091834	Is a	20150131	20991231	
46162251	46162251	Mapped from	20180731	20991231	
46162251	46162251	Maps to	20180731	20991231	
46162253	35607932	Has non-avail ind	20180731	20991231	
46162253	35626975	VMP has prescr stat	20180731	20991231	
46162253	35626985	Has legal category	20180731	20991231	
46162253	35626993	Has disc indicator	20180731	20991231	
46162253	37207390	Has CD category	20190731	20991231	
46162253	37209199	Is a	20190731	20991231	
46162253	37310858	Has AMP restr ind	20200309	20991231	
46162253	46091834	Is a	20150131	20991231	
46162253	46162253	Mapped from	20180731	20991231	
46162253	46162253	Maps to	20180731	20991231	
46162254	35607932	Has non-avail ind	20180731	20991231	
46162254	35626975	VMP has prescr stat	20180731	20991231	
46162254	35626985	Has legal category	20180731	20991231	
46162254	35626993	Has disc indicator	20180731	20991231	
46162254	37207390	Has CD category	20190731	20991231	
46162254	37209199	Is a	20190731	20991231	
46162254	37310858	Has AMP restr ind	20200309	20991231	
46162254	46091834	Is a	20150131	20991231	
46162254	46162254	Mapped from	20180731	20991231	
46162254	46162254	Maps to	20180731	20991231	
46162256	35607932	Has non-avail ind	20180731	20991231	
46162256	35626975	VMP has prescr stat	20180731	20991231	
46162256	35626985	Has legal category	20180731	20991231	
46162256	35626993	Has disc indicator	20180731	20991231	
46162256	36708234	Is a	20170131	20991231	
46162256	37207390	Has CD category	20190731	20991231	
46162256	37209199	Is a	20190731	20991231	
46162256	37310858	Has AMP restr ind	20200309	20991231	
46162256	46091834	Is a	20150131	20991231	
46162256	46162256	Mapped from	20180731	20991231	
46162256	46162256	Maps to	20180731	20991231	
46162258	35607932	Has non-avail ind	20180731	20991231	
46162258	35626975	VMP has prescr stat	20180731	20991231	
46162258	35626985	Has legal category	20180731	20991231	
46162258	35626993	Has disc indicator	20180731	20991231	
46162258	37207390	Has CD category	20190731	20991231	
46162258	37209199	Is a	20190731	20991231	
46162258	37310858	Has AMP restr ind	20200309	20991231	
46162258	46024547	Has AMP	20150131	20991231	
46162258	46091834	Is a	20150131	20991231	
46162258	46162258	Mapped from	20180731	20991231	
46162258	46162258	Maps to	20180731	20991231	
46162259	35607932	Has non-avail ind	20180731	20991231	
46162259	35626975	VMP has prescr stat	20180731	20991231	
46162259	35626985	Has legal category	20180731	20991231	
46162259	35626993	Has disc indicator	20180731	20991231	
46162259	36708234	Is a	20170131	20991231	
46162259	37207390	Has CD category	20190731	20991231	
46162259	37209199	Is a	20190731	20991231	
46162259	37310858	Has AMP restr ind	20200309	20991231	
46162259	46024548	Has AMP	20150131	20991231	
46162259	46091834	Is a	20150131	20991231	
46162259	46162259	Mapped from	20180731	20991231	
46162259	46162259	Maps to	20180731	20991231	
46162260	35607932	Has non-avail ind	20180731	20991231	
46162260	35626975	VMP has prescr stat	20180731	20991231	
46162260	35626985	Has legal category	20180731	20991231	
46162260	35626993	Has disc indicator	20180731	20991231	
46162260	37207390	Has CD category	20190731	20991231	
46162260	37209199	Is a	20190731	20991231	
46162260	37310858	Has AMP restr ind	20200309	20991231	
46162260	46091834	Is a	20150131	20991231	
46162260	46162260	Mapped from	20180731	20991231	
46162260	46162260	Maps to	20180731	20991231	
46162261	35607932	Has non-avail ind	20180731	20991231	
46162261	35626975	VMP has prescr stat	20180731	20991231	
46162261	35626985	Has legal category	20180731	20991231	
46162261	35626993	Has disc indicator	20180731	20991231	
46162261	37207390	Has CD category	20190731	20991231	
46162261	37209199	Is a	20190731	20991231	
46162261	37310858	Has AMP restr ind	20200309	20991231	
46162261	46091834	Is a	20150131	20991231	
46162261	46162261	Mapped from	20180731	20991231	
46162261	46162261	Maps to	20180731	20991231	
46162266	35607932	Has non-avail ind	20180731	20991231	
46162266	35626975	VMP has prescr stat	20180731	20991231	
46162266	35626985	Has legal category	20180731	20991231	
46162266	35626993	Has disc indicator	20180731	20991231	
46162266	37207390	Has CD category	20190731	20991231	
46162266	37209199	Is a	20190731	20991231	
46162266	37310858	Has AMP restr ind	20200309	20991231	
46162266	46024556	Has AMP	20150131	20991231	
46162266	46091834	Is a	20150131	20991231	
46162266	46162266	Mapped from	20180731	20991231	
46162266	46162266	Maps to	20180731	20991231	
46162272	35607932	Has non-avail ind	20180731	20991231	
46162272	35626975	VMP has prescr stat	20180731	20991231	
46162272	35626985	Has legal category	20180731	20991231	
46162272	35626993	Has disc indicator	20180731	20991231	
46162272	36708234	Is a	20170131	20991231	
46162272	37207390	Has CD category	20190731	20991231	
46162272	37209199	Is a	20190731	20991231	
46162272	37310858	Has AMP restr ind	20200309	20991231	
46162272	46091834	Is a	20150131	20991231	
46162272	46162272	Mapped from	20180731	20991231	
46162272	46162272	Maps to	20180731	20991231	
46162273	35607932	Has non-avail ind	20180731	20991231	
46162273	35626975	VMP has prescr stat	20180731	20991231	
46162273	35626985	Has legal category	20180731	20991231	
46162273	35626993	Has disc indicator	20180731	20991231	
46162273	37207390	Has CD category	20190731	20991231	
46162273	37209199	Is a	20190731	20991231	
46162273	37310858	Has AMP restr ind	20200309	20991231	
46162273	46091834	Is a	20150131	20991231	
46162273	46162273	Mapped from	20180731	20991231	
46162273	46162273	Maps to	20180731	20991231	
46162274	35607932	Has non-avail ind	20180731	20991231	
46162274	35626975	VMP has prescr stat	20180731	20991231	
46162274	35626985	Has legal category	20180731	20991231	
46162274	35626993	Has disc indicator	20180731	20991231	
46162274	37207390	Has CD category	20190731	20991231	
46162274	37209199	Is a	20190731	20991231	
46162274	37310858	Has AMP restr ind	20200309	20991231	
46162274	46091834	Is a	20150131	20991231	
46162274	46162274	Mapped from	20180731	20991231	
46162274	46162274	Maps to	20180731	20991231	
46162275	35607932	Has non-avail ind	20180731	20991231	
46162275	35626975	VMP has prescr stat	20180731	20991231	
46162275	35626985	Has legal category	20180731	20991231	
46162275	35626993	Has disc indicator	20180731	20991231	
46162275	36708234	Is a	20170131	20991231	
46162275	37207390	Has CD category	20190731	20991231	
46162275	37209199	Is a	20190731	20991231	
46162275	37310858	Has AMP restr ind	20200309	20991231	
46162275	46024563	Has AMP	20150131	20991231	
46162275	46091834	Is a	20150131	20991231	
46162275	46162275	Mapped from	20180731	20991231	
46162275	46162275	Maps to	20180731	20991231	
46162276	35607932	Has non-avail ind	20180731	20991231	
46162276	35626975	VMP has prescr stat	20180731	20991231	
46162276	35626985	Has legal category	20180731	20991231	
46162276	35626993	Has disc indicator	20180731	20991231	
46162276	36708234	Is a	20170131	20991231	
46162276	37207390	Has CD category	20190731	20991231	
46162276	37209199	Is a	20190731	20991231	
46162276	37310858	Has AMP restr ind	20200309	20991231	
46162276	46024565	Has AMP	20150131	20991231	
46162276	46091834	Is a	20150131	20991231	
46162276	46162276	Mapped from	20180731	20991231	
46162276	46162276	Maps to	20180731	20991231	
46162278	35607932	Has non-avail ind	20180731	20991231	
46162278	35626975	VMP has prescr stat	20180731	20991231	
46162278	35626985	Has legal category	20180731	20991231	
46162278	35626993	Has disc indicator	20180731	20991231	
46162278	36708234	Is a	20170131	20991231	
46162278	37207390	Has CD category	20190731	20991231	
46162278	37209199	Is a	20190731	20991231	
46162278	37310858	Has AMP restr ind	20200309	20991231	
46162278	46091834	Is a	20150131	20991231	
46162278	46162278	Mapped from	20180731	20991231	
46162278	46162278	Maps to	20180731	20991231	
46162279	35607932	Has non-avail ind	20180731	20991231	
46162279	35626975	VMP has prescr stat	20180731	20991231	
46162279	35626985	Has legal category	20180731	20991231	
46162279	35626993	Has disc indicator	20180731	20991231	
46162279	37207390	Has CD category	20190731	20991231	
46162279	37209199	Is a	20190731	20991231	
46162279	37310858	Has AMP restr ind	20200309	20991231	
46162279	46024568	Has AMP	20150131	20991231	
46162279	46091834	Is a	20150131	20991231	
46162279	46162279	Mapped from	20180731	20991231	
46162279	46162279	Maps to	20180731	20991231	
46162280	35607932	Has non-avail ind	20180731	20991231	
46162280	35626975	VMP has prescr stat	20180731	20991231	
46162280	35626985	Has legal category	20180731	20991231	
46162280	35626993	Has disc indicator	20180731	20991231	
46162280	37207390	Has CD category	20190731	20991231	
46162280	37209199	Is a	20190731	20991231	
46162280	37310858	Has AMP restr ind	20200309	20991231	
46162280	46024569	Has AMP	20150131	20991231	
46162280	46091834	Is a	20150131	20991231	
46162280	46162280	Mapped from	20180731	20991231	
46162280	46162280	Maps to	20180731	20991231	
46162283	35607932	Has non-avail ind	20180731	20991231	
46162283	35626975	VMP has prescr stat	20180731	20991231	
46162283	35626985	Has legal category	20180731	20991231	
46162283	35626993	Has disc indicator	20180731	20991231	
46162283	37207390	Has CD category	20190731	20991231	
46162283	37209199	Is a	20190731	20991231	
46162283	37310858	Has AMP restr ind	20200309	20991231	
46162283	46024572	Has AMP	20150131	20991231	
46162283	46091834	Is a	20150131	20991231	
46162283	46162283	Mapped from	20180731	20991231	
46162283	46162283	Maps to	20180731	20991231	
46162284	35607932	Has non-avail ind	20180731	20991231	
46162284	35626975	VMP has prescr stat	20180731	20991231	
46162284	35626985	Has legal category	20180731	20991231	
46162284	35626993	Has disc indicator	20180731	20991231	
46162284	37207390	Has CD category	20190731	20991231	
46162284	37209199	Is a	20190731	20991231	
46162284	37310858	Has AMP restr ind	20200309	20991231	
46162284	46024573	Has AMP	20150131	20991231	
46162284	46091834	Is a	20150131	20991231	
46162284	46162284	Mapped from	20180731	20991231	
46162284	46162284	Maps to	20180731	20991231	
46162286	35607932	Has non-avail ind	20180731	20991231	
46162286	35626975	VMP has prescr stat	20180731	20991231	
46162286	35626985	Has legal category	20180731	20991231	
46162286	35626993	Has disc indicator	20180731	20991231	
46162286	37207390	Has CD category	20190731	20991231	
46162286	37209199	Is a	20190731	20991231	
46162286	37310858	Has AMP restr ind	20200309	20991231	
46162286	46024575	Has AMP	20150131	20991231	
46162286	46091834	Is a	20150131	20991231	
46162286	46162286	Mapped from	20180731	20991231	
46162286	46162286	Maps to	20180731	20991231	
46162287	35607932	Has non-avail ind	20180731	20991231	
