ancestor_concept_id	descendant_concept_id	min_levels_of_separation	max_levels_of_separation
4222543	4138433	7	10
4237366	4231320	5	15
4212193	42872922	4	4
4194163	763867	5	5
4211251	4148253	6	6
4237366	4236926	5	10
4237304	4294317	3	3
4204692	40486730	1	1
4237366	4141612	8	9
4222543	4034414	6	8
4240421	4296754	3	3
4184298	4196615	3	3
4226780	37113470	10	15
4242213	40480985	1	1
4222543	37112155	6	6
4242536	37115602	4	4
4264980	4074917	1	1
4237366	4075536	4	5
4194163	4026219	12	13
4206788	37397763	3	3
4237366	4300995	5	9
4225020	37114850	5	6
4217076	4074332	3	3
4264180	4090021	2	2
4231864	36713262	1	1
4219536	4080120	13	17
4194163	4308903	5	5
4211812	37112234	4	5
4249833	45773074	6	9
4205541	4243350	2	2
4213995	43020515	5	5
4246520	3667218	1	1
4208665	4145588	1	1
4240421	4238189	9	11
4264049	4183277	3	3
4194306	4091387	9	9
4240421	4111283	6	6
4211251	4071888	6	8
4211251	4155309	7	7
4213093	4249133	5	5
4219536	4349240	8	8
4227605	4322713	1	1
4217941	37116720	7	9
4214820	4225745	1	1
4224365	45977364	3	3
4216134	4284838	3	3
4194607	4217483	4	9
4221349	4006234	6	6
4219536	4096350	12	18
4223616	4083995	4	4
4222390	4262722	3	3
4219902	4278289	5	6
4240671	4237368	5	11
4242209	4029914	4	4
4197002	37218973	4	5
4240671	36695968	8	16
4244662	37109641	2	6
4204501	4183324	3	3
4246100	4148851	3	3
4240671	4159242	7	7
4214793	4117728	4	8
4240671	4104663	4	4
4195917	4232083	4	4
4260432	4196321	4	4
4240421	37114290	6	7
4249833	37206115	9	9
4242178	81395	2	2
4231323	4150904	3	3
4250176	3006031	3	3
4246053	4191138	3	3
4205840	4210284	1	1
4240424	4246854	4	4
4240671	37114800	7	16
4212119	45766449	8	9
4237366	4339547	5	19
4202658	37115010	5	5
4240671	37117661	7	18
4187630	4152388	7	7
4204813	4205669	1	1
4250176	3020616	5	5
4249833	4138394	6	8
4249833	4199829	6	7
4209843	40491994	6	6
4198525	4033475	3	6
4239897	37209154	3	4
4240671	4038304	6	9
4240671	4277041	7	16
4216134	4215366	2	2
4209224	201633	2	2
4227862	35622096	7	7
4265446	4124074	2	2
4237365	4207255	3	3
4236204	4143470	2	2
4225025	4152313	8	8
4188498	4076277	8	8
4211641	4060497	2	2
4233512	45762687	3	3
4250176	40758904	2	2
4219536	37118807	8	8
4240671	4075609	3	14
4230216	4206186	7	7
4212450	4259819	3	3
4238224	4081971	1	1
4238720	4311935	2	2
4190245	4189800	2	2
4240724	4057851	1	1
4221921	4079486	5	5
4263619	4032013	2	2
4240421	4218791	6	8
4261829	4313008	2	2
4197094	193242	2	2
4240421	37113738	7	9
4218016	4273787	11	12
4264500	4093580	3	6
4240421	4243938	5	6
4250176	4015333	3	4
4264243	46273001	2	2
4226402	4197005	5	6
4265442	4227882	2	2
4213041	507225	7	7
4185749	44783564	5	5
4194163	4309742	13	16
4217941	3657156	6	9
4193369	4325052	1	1
4244662	4344514	5	5
4200118	37118366	4	4
4246053	4005663	5	5
4249833	4241101	7	7
4220615	4080475	4	4
4233903	4123284	2	2
4188978	4014326	5	5
4219847	4191733	2	2
4194964	43531472	3	3
4214793	37114780	6	10
4197091	46272305	2	2
4228492	4206264	1	1
4222709	4009058	1	1
4240671	4288863	7	15
4241100	4129860	1	1
4241088	4282397	7	7
4219551	40488334	3	3
4240421	4219351	12	14
4237017	37207537	4	4
4198033	4084246	6	7
4219536	4058158	9	10
4232301	4005322	4	7
4231759	4302824	3	3
4203551	4161532	2	2
4199417	3656860	2	2
4264477	4196603	4	4
4200707	40479654	3	3
4249437	37108969	6	6
4240723	4143265	5	5
4238720	4335725	5	5
4218016	37219213	5	5
4194163	36714841	12	13
4216134	4290331	8	8
4240671	4235919	5	12
4223312	4005479	2	2
4266660	4121688	7	8
4222543	4094852	6	6
4201258	4263369	2	2
4232301	37112490	6	6
4197094	4271849	5	7
4260432	4014956	8	8
4241272	4306328	10	13
4260432	4219237	8	8
4188300	36674528	7	7
4240421	4235747	4	4
4196708	762826	5	5
4194607	37397343	4	4
4265442	4302826	3	3
4218016	37115282	12	17
4187794	3036401	2	2
4264049	4124132	2	2
4184252	36675668	2	3
4194163	4037576	5	6
4240768	36695661	1	1
4232301	37114605	6	6
4219536	37114919	5	5
4216845	4172591	3	4
4208786	37110362	5	5
4200991	4319330	1	1
4187207	4302046	1	1
4213128	4023116	5	5
4227031	46036800	3	3
4240421	4049012	3	3
4240671	37115245	6	19
4241272	36695736	7	9
4185749	4163724	5	5
4202658	4221561	5	5
4212119	4028537	8	8
4218107	36715143	3	5
4262608	4056216	7	13
4241273	37111623	5	5
4187782	4189338	1	1
4250176	4005183	1	1
4205702	35614420	5	5
4184133	4104538	1	1
4222543	4087376	9	14
4240421	4253044	2	2
4240671	4076392	5	15
4237366	4280142	6	9
4244662	4133194	5	8
4260432	3662043	5	5
4249833	37109870	7	10
4240421	4284776	6	6
4258497	4258495	1	1
4188293	42872490	3	4
4188300	4183693	6	6
4264477	4322653	2	2
4240345	4144852	3	4
4240671	4159039	7	7
4186722	4067254	3	3
4240345	4066765	3	3
4237366	42539084	8	10
4198525	4181339	4	7
4231758	4223516	2	2
4222434	4336299	2	4
4215139	4215120	2	2
4249833	4223327	9	11
4240421	4154453	3	3
4232301	4352908	5	8
4250176	4253501	2	2
4241272	4093453	8	8
4214793	37219285	5	6
4266668	4285877	1	1
4212450	4161122	3	3
4240671	4196677	5	15
4240421	4084228	6	10
4249833	4200315	8	9
4214793	4234901	2	2
4237304	35624794	3	3
4195765	37117281	5	5
4225025	4009949	7	7
4241272	4053643	8	10
4240671	37113258	6	9
4240671	36716218	8	17
4225241	42535891	4	4
4205541	4176402	4	4
4225025	4026705	4	4
4194163	46272302	13	14
4186565	4302499	2	2
4240671	4268177	7	19
4266188	4279375	2	3
4218961	4186936	2	2
4224445	4223352	2	2
4260432	4323572	4	4
4240421	4046261	8	10
4185402	45759766	1	1
4244854	37115339	3	3
4260341	4229993	4	4
4237366	4076377	8	19
4217941	4235451	7	9
4253067	46273354	2	2
4193464	37208291	4	4
4197328	4034652	2	2
4244662	4069933	3	3
4239736	46273096	5	5
4264458	37113084	7	7
4219536	37114202	7	7
4222780	35625476	1	1
4231758	37311096	5	5
4249833	4197503	10	10
4249833	4014843	9	11
4240421	4112205	6	6
4211812	4199473	1	1
4222709	4282244	1	1
4203266	4088868	1	1
4237366	4250773	6	11
4240671	4352381	7	17
4240421	37118721	8	10
4266188	4059729	5	6
4187630	37310847	2	2
4210988	4037422	6	6
4218246	37113068	2	2
4198033	4110403	5	7
4253786	4178657	3	3
4249997	4337878	4	4
4260433	4052300	5	5
4200118	4008914	5	5
4230487	4147556	6	6
4237858	4237860	1	1
4240671	37114352	10	17
4230557	4302175	5	5
4260432	4235004	5	5
4227862	4025999	4	4
4240671	37113205	8	19
4250176	3012902	4	5
4240671	4197792	4	15
4203936	4174207	2	3
4212193	4078707	3	3
4244662	4012429	4	12
4204501	4011395	3	3
4237083	4220977	1	1
4250176	4013275	5	5
4240671	4313432	7	15
4198033	4211552	6	6
4240671	4165797	7	16
4266654	4058061	3	4
4209224	4220238	5	5
4223282	4294699	2	2
4213128	4340653	3	4
4197328	46269745	3	3
4201585	4248031	3	3
4241272	4159589	2	2
4197191	4328017	2	2
4230216	4104719	3	3
4260432	4072314	8	8
4222543	4206023	7	11
4249833	4162183	4	8
4236325	4176184	6	6
4200118	4349927	4	6
4244662	759897	6	6
4195601	4095925	1	1
4200877	4089282	3	3
4232301	37113175	7	7
4240671	4125361	8	11
4262229	37304021	6	6
4193321	4207003	2	2
4237366	4214656	9	14
4208786	44808285	4	4
4185916	37109478	4	4
4231758	4123753	6	6
4191381	37117820	3	3
4211650	4229360	3	3
4199141	37114805	4	4
4244868	45957127	1	1
4214922	4299055	1	1
4213101	42536663	3	8
4263710	4125793	2	2
4189782	4277593	3	3
4241272	4135759	5	5
4198525	4316868	5	5
4244662	45757249	4	6
4205684	4083280	1	1
4205695	765496	4	4
4248432	4296882	1	1
4240671	4032773	5	11
4240897	36676425	2	2
4260432	4017153	8	8
4241958	4132880	5	5
4182664	36683533	2	2
4185176	4184396	2	2
4212119	4237133	8	8
4225586	45978009	4	4
4244854	4089790	5	6
4214793	4174290	9	14
4188978	4139202	6	6
4197328	36684507	2	2
4194163	4219916	4	4
4249833	4231788	10	10
4185758	4215628	4	4
4244662	36714082	2	7
4251296	43020974	1	1
4187096	80241	4	4
4214097	4194277	1	1
4265442	4162535	3	3
4237366	4196553	7	9
4196708	762955	5	7
4237254	4169428	1	1
4240421	4197116	4	4
4260341	4232164	3	3
4209768	46031028	3	3
4218016	4093009	8	9
4266440	4110467	3	3
4257441	4270491	5	6
4211374	4031458	2	2
4196147	44810017	1	1
4240421	4061909	3	3
4201530	4075690	4	4
4259140	37016301	1	1
4240671	4057983	7	16
4240671	4228372	4	8
4217941	4015110	7	9
4217941	4018822	2	2
4237366	4107962	6	8
4225020	4089890	5	6
4244662	36674866	2	3
4260432	4177858	8	8
4229451	4247783	2	2
4222543	4165743	5	5
4263628	4015981	1	1
4212452	4198341	3	3
4241272	4073789	8	8
4227915	3050416	1	1
4217941	4218031	7	9
4237366	36695625	6	6
4214423	4160425	3	3
4237366	4059399	7	14
4264571	4270405	4	4
4204158	4136619	2	2
4266193	4041799	2	2
4237366	4076261	6	15
4209982	4296010	4	4
4240421	37117345	6	6
4263710	4216103	1	1
4214793	4156109	10	16
4237366	4012567	5	9
4240671	37112398	9	15
4244662	4002992	4	4
4237366	4150041	10	13
4183948	37112215	6	7
4219536	4323587	6	6
4183662	4181552	2	2
4195765	4216509	1	1
4240421	37112866	6	6
4250490	4159967	6	6
4231323	4286118	3	3
4206460	4146983	4	4
4211812	37119173	6	7
4230216	4299658	5	5
4198399	4236353	1	1
4240421	37303961	6	8
4240345	46271320	7	7
4197094	36713512	5	6
4222448	37219202	5	5
4194163	4106566	6	6
4264571	4119492	6	6
4201233	37115019	6	7
4259548	46272600	3	3
4238381	4273229	2	2
4198828	4158909	5	6
4222543	4130080	5	5
4204929	4204931	1	1
4194163	46270789	13	15
4244662	36687159	5	6
4184708	37116518	3	3
4240671	4140556	8	23
4250176	4019440	3	3
4240671	44784107	6	15
4240421	4303041	6	6
4260432	4017150	8	8
4261709	4023877	2	2
4240671	4250180	5	14
4240671	4004883	6	10
4212450	36717413	5	5
4236996	4115494	2	2
4240671	4088781	5	13
4212193	4024874	5	5
4242272	4046468	3	3
4240671	4150284	7	20
4237366	36717510	4	13
4198525	440751	3	4
4241088	4089116	6	6
4249833	3657170	3	8
4240671	37113189	6	17
4233623	4228635	1	1
4238044	37017147	2	2
4244662	37111587	5	6
4196647	37115596	3	3
4240671	4214955	8	19
4240421	4110240	10	10
4240671	4021681	5	10
4240671	4165058	5	5
4244368	4058939	4	4
4249833	4196301	8	8
4184252	4196973	4	5
4211812	4042937	9	9
4195765	42536190	4	4
4244662	4173266	5	7
4249833	4187907	2	2
4241272	4348855	8	8
4237366	4090726	6	10
4240421	4349538	4	4
4237304	45767324	4	4
4250176	4193845	3	3
4198525	4120382	3	3
4212119	4231853	2	2
4209768	4227485	2	2
4200502	4061720	1	1
4237366	4152981	8	10
4222543	4190711	5	8
4197004	4319176	1	1
4219536	4149749	10	16
4260342	44784036	5	7
4211812	37304115	7	11
4193988	4080189	2	3
4222543	4116471	5	5
4240671	4049943	9	20
4221489	4220603	2	2
4237405	37111991	6	6
4200118	37109571	5	5
4230216	4044090	7	7
4189640	134305	3	4
4224644	4108768	4	4
4190759	36713260	2	2
4187630	4246974	4	4
4212886	4312114	3	3
4241921	4245091	3	3
4219536	4209731	6	6
4222543	4075273	7	8
4265532	40297702	1	1
4262608	4176035	6	6
4240671	4284314	9	18
4196678	4231663	2	2
4204501	4036454	1	1
4231758	4014574	4	5
4249833	4200336	5	6
4249833	4199213	6	7
4225020	45767631	6	7
4240671	4007123	4	4
4195655	4034278	3	3
4185470	4297865	4	4
4200674	4136266	2	5
4182555	4009435	4	4
4240671	4235185	4	18
4237366	37117974	6	15
4206788	46286608	3	3
4265530	4091797	2	2
4205695	4046850	4	5
4194163	37117850	4	5
4195000	4170524	3	3
4237304	36716302	5	5
4190307	36715986	4	4
4206788	4166276	3	3
4240421	4322149	6	13
4239768	44807425	3	3
4203637	4281448	3	3
4218016	4077189	10	14
4250176	44805912	2	2
4263923	4246868	2	2
4214793	37112668	5	6
4220030	4220342	1	1
4260399	4248253	1	1
4211812	4112950	5	7
4201944	4224239	5	5
4215237	4081329	2	2
4198525	134074	3	3
4231758	4274171	5	5
4240421	4027898	4	4
4198525	4153838	4	4
4237366	37118163	7	9
4194884	4352121	3	3
4256117	4054075	2	2
4188300	4320138	6	6
4187630	4113693	2	2
4246053	4040219	3	3
4194163	4243301	5	5
4193182	4042511	3	5
4240421	4189471	6	6
4240421	4329441	10	15
4216845	4138447	6	9
4239897	761004	4	4
4214793	4262546	2	2
4213128	4114632	3	3
4183514	4115263	2	2
4240671	37117878	7	12
4198033	37117494	7	7
4217941	4205045	6	6
4212119	4278964	1	1
4222690	42537827	3	3
4265438	4265856	1	1
4214793	4353266	3	10
4190345	137111	1	1
4224021	45998463	3	3
4198525	4111784	4	6
4218107	36717729	4	7
4210989	4144283	4	4
4240671	4238708	4	11
4244368	4236801	5	5
4222543	4195587	5	8
4250176	4122145	2	2
4227862	36717584	7	7
4256761	4058042	2	2
4219536	4002179	9	9
4240671	4277837	7	17
4262608	4283172	6	6
4201944	4336678	6	6
4226780	37117565	6	12
4195932	138876	1	1
4237856	4306023	3	3
4195765	4220790	2	2
4193901	4142815	1	1
4264500	37113688	6	6
4240723	4143444	3	3
4260434	3655415	2	2
4225995	4003035	4	4
4211641	4234635	6	6
4219536	37114503	9	9
4233388	4198182	2	2
4210989	46270588	5	5
4240671	37115309	6	8
4220836	4338841	2	2
4250176	4306225	5	6
4264818	4198942	3	3
4241394	4147824	5	5
4249833	4197187	4	6
4237304	46273354	4	4
4217941	36684136	6	9
4214793	4261787	6	8
4260432	4014820	9	9
4185207	761017	3	3
4231758	40488477	5	6
4240671	4168597	5	12
4217941	4336374	7	9
4266213	4287342	1	1
4264841	4256905	1	1
4197191	46284827	3	3
4226780	4159264	7	10
4219902	37117958	7	8
4216134	4348151	7	7
4198525	4033635	7	8
4190803	3038887	2	2
4237008	4214678	3	3
4266660	36695971	4	4
4222543	4150914	6	6
4198525	4093292	5	5
4213101	37108965	4	5
4230374	4284254	4	4
4222709	4214940	4	5
4222709	37303898	1	1
4237366	4269337	5	10
4240421	4205431	8	10
4194163	36714648	12	14
4249833	4251155	10	12
4217941	4331656	3	6
4249833	40481100	5	8
4232301	4180917	6	6
4237366	4238573	7	8
4198033	4110065	8	10
4237366	4138117	7	10
4216273	45769017	4	4
4185916	4329523	3	4
4221349	4077460	7	7
4238639	4088852	1	1
4212705	4321597	2	2
4250176	44813817	3	3
4226780	4265326	6	9
4237366	3667249	7	8
4237366	4047872	6	9
4194163	4030610	4	5
4189531	4125971	3	3
4240671	4004828	4	4
4222709	4237569	7	11
4237304	4225518	2	2
4187686	4264326	2	2
4218016	4134489	7	8
4197094	4160054	5	5
4200557	3655201	2	2
4218016	4280955	7	9
4194964	4003544	2	3
4188978	4326010	6	6
4240671	4068082	4	16
4240421	4218690	10	10
4252534	4186741	2	2
4217941	35623100	6	6
4237366	3667134	6	7
4227862	46272140	5	5
4222543	37113283	4	9
4222709	4020465	5	5
4188498	4179102	4	4
4237366	36695965	7	16
4223312	4004664	2	2
4218016	37117465	7	9
4239972	4218213	1	1
4241272	4158003	6	6
4219536	4310676	7	7
4198828	36716502	5	5
4213884	4079559	1	1
4200787	4160331	2	2
4237366	4159443	8	14
4211812	4152065	7	8
4214796	4283296	6	8
4264477	37109328	3	3
4240671	37111826	6	8
4239792	4298411	1	1
4194884	4239470	5	6
4241272	4140378	3	3
4237366	4021681	6	9
4190693	4334794	3	3
4240671	4110225	8	10
4230216	46272331	7	7
4244662	46271155	5	6
4222543	37114827	9	11
4221394	3017409	2	2
4253749	37111025	2	2
4239801	4337268	1	1
4246053	4214130	3	3
4223312	37112194	4	4
4217941	4218713	7	9
4219536	4218155	7	10
4240671	4268482	5	13
4250176	3041389	5	5
4237366	37112670	9	11
4219536	4055940	10	16
4262920	42689609	3	3
4249833	4260675	9	11
4184295	4001207	2	2
4214793	4220086	4	4
4232336	4192939	1	1
4240671	4087526	8	15
4260432	35623100	5	5
4216134	4185703	6	6
4189286	4211929	4	4
4205702	35613710	5	5
4225020	4227809	4	5
4198525	37209377	4	4
4198525	46269825	4	4
4188978	4137541	4	4
4264841	4271667	2	2
4214793	37017111	6	8
4237366	4012006	6	12
4223045	4047240	1	1
4213319	4076383	2	2
4216253	4032340	1	1
4218016	4113887	10	14
4201944	4080173	4	5
4222543	4078776	6	6
4196708	44783830	7	7
4237366	4111447	7	11
4244662	4068712	5	7
4205702	35613126	5	5
4214793	44783495	3	3
4215093	37016488	3	3
4230216	4025452	8	8
4217210	4114303	3	3
4244368	4216865	4	4
4223312	37119192	6	6
4190192	40488006	5	6
4240671	4034294	3	4
4237366	4075095	7	11
4198624	317100	3	3
4249833	4188033	7	7
4239897	3654619	2	2
4240671	4091960	6	13
4225020	4272540	5	7
4230216	46271553	7	7
4198525	4319441	4	4
4227862	4025288	5	5
4262807	4278077	3	5
4184961	4184989	3	3
4240671	37117502	9	16
4217941	4145051	8	8
4205702	35614100	5	5
4223312	4175115	5	5
4219536	36717555	9	11
4212328	4003186	2	2
4240671	42872726	5	10
4246959	44804981	1	1
4202237	4205095	6	6
4230216	40481469	4	7
4245042	4108257	2	2
4221921	4081419	6	6
4197328	4155487	3	3
4260432	43020770	8	8
4266324	4189388	3	3
4240671	4080124	9	20
4249833	4296897	5	8
4244662	37209338	5	5
4246053	4018600	4	6
4240345	4211092	5	6
4242536	37113415	6	6
4234605	4008752	3	3
4248263	37115380	2	2
4237366	4079450	8	12
4264849	35610468	3	3
4196642	4033530	3	3
4240421	4190287	4	11
4203722	4248539	4	4
4240671	4008616	6	12
4198525	4025859	4	4
4193464	4050232	4	4
4224465	4016429	1	1
4264571	4183638	4	4
4222543	4125185	3	3
4200177	37110990	2	2
4198525	4235826	5	6
4205702	35613845	5	5
4222709	4296162	10	11
4240671	4090775	6	10
4213101	4309312	4	4
4240421	4224060	5	5
4213431	4172004	2	2
4240421	37304155	4	4
4239584	4188438	2	2
4240671	4137792	7	17
4264778	4158933	2	2
4213041	4013482	1	1
4219551	4219449	4	4
4204162	4083162	1	1
4263051	4031112	1	1
4237366	4240466	5	16
4237304	45760056	2	2
4222709	4238616	5	6
4244662	4104805	4	6
4198525	36713510	3	3
4207400	45978320	3	3
4240421	37113100	5	5
4217941	4313599	7	7
4241272	37112940	11	16
4210988	4019740	7	7
4193176	40480709	4	5
4220029	4335678	1	1
4215093	4161534	3	3
4221357	37016225	3	3
4262229	4164889	4	5
4237304	45773546	3	3
4226228	4193390	4	4
4266612	4264845	4	4
4185470	4082463	4	5
4201233	4336468	4	5
4222543	4337135	13	18
4197147	37396939	2	4
4218016	42539760	9	16
4216461	3016616	1	1
4207400	46033821	3	3
4211797	37117001	2	2
4209843	40490969	4	4
4240671	4023407	6	9
4209768	46028357	4	4
4230374	4056844	2	3
4241958	4219616	5	5
4223312	42872731	8	8
4258400	4259829	1	1
4194163	35625476	6	6
4237366	4027262	4	10
4250176	4304801	4	5
4249833	42535854	4	9
4196642	4089597	6	6
4240421	4165751	8	8
4211650	4189800	4	4
4211812	4035896	4	4
4236675	37114352	1	1
4206562	44805595	2	2
4218107	4027625	5	8
4260432	4211938	5	5
4187630	37310323	2	2
4261263	4308831	3	3
4198525	24660	4	5
4237366	4085981	9	11
4231363	4278217	2	2
4208393	4276519	1	1
4215658	44783902	3	3
4249833	4189799	7	7
4237366	4191730	6	11
4196582	45770351	3	3
4222691	4224397	2	2
4211812	4080719	11	15
4256625	4295460	5	5
4199457	4090019	8	10
4219536	4232027	8	8
4218016	4087343	7	7
4264571	4198815	9	9
4240671	4092609	8	18
4218016	37115557	7	11
4260433	4235534	3	3
4240671	4261364	4	11
4222543	4227660	8	13
4219536	4232355	8	10
4200707	40479250	3	3
4237366	3667083	6	8
4230216	46272084	7	9
4244662	761223	5	7
4251030	4333748	2	3
4208665	4291613	1	1
4216130	3655776	1	1
4249833	4137856	4	7
4221921	4201152	4	4
4249833	4197054	4	10
4237304	45770933	3	3
4211797	37116852	1	1
4246191	4202840	6	6
4201944	43530791	4	4
4240671	4196244	8	18
4188300	4303801	4	6
4244662	4214861	4	4
4251333	4284194	5	6
4227862	46271593	6	6
4251030	4162073	4	5
4237366	4090311	6	8
4225025	4226095	6	6
4240421	4281598	5	5
4197819	4322799	1	1
4244662	36685054	5	6
4249833	4056748	4	6
4240671	4150810	3	15
4237304	45764524	3	3
4229415	4211531	1	1
4250176	4020186	2	2
4182664	4010529	4	4
4227862	46272264	6	6
4244662	4083359	3	4
4212452	4327401	3	3
4240671	4351743	6	13
4242903	37019189	4	4
4184708	760476	5	5
4237304	45758203	4	4
4211328	44812076	1	1
4216134	37312277	7	7
4216316	4066292	2	2
4214793	4152065	7	8
4266025	40489318	2	2
4199635	4092307	4	4
4233868	4143208	2	2
4243638	4140379	1	1
4225042	4075561	2	4
4237366	4108283	3	4
4226780	37113120	5	8
4202494	4049468	3	3
4237366	4277761	4	8
4223925	4223147	3	3
4214793	4088179	10	14
4188978	4201055	7	7
4266660	4137097	7	7
4222543	4284042	8	9
4195765	4030085	4	4
4244854	37114348	5	5
4223312	4215642	10	11
4262608	37112517	9	12
4202615	4347421	2	2
4240421	4321695	5	5
4240671	4089279	7	17
4197328	4065993	1	1
4240671	4135525	7	20
4249833	4323995	9	11
4191383	4300059	4	4
4215578	4322061	1	1
4207400	45978416	3	3
4221921	4041302	4	5
4237366	4283683	7	11
4211812	4127358	5	5
4240421	4136268	8	8
4240421	42539337	6	7
4241272	4112056	8	9
4240421	4091388	5	8
4219902	4071311	5	8
4240421	4092438	3	3
4244662	4246014	5	8
4211812	44791685	4	4
4265266	4105723	1	1
4187630	4081908	5	5
4224358	45963263	1	1
4204800	37114453	4	4
4248801	4228941	4	4
4211812	4118253	4	4
4260432	4248241	8	9
4249833	4313426	6	7
4263367	4186940	2	2
4197646	42538336	1	1
4233623	45770236	1	1
4249833	4251263	8	10
4265442	4202376	3	3
4266654	4058347	3	3
4219536	4112689	7	7
4265442	4228165	3	3
4219871	4108646	1	1
4236847	4277689	3	3
4232301	4159428	7	7
4193988	4188998	2	4
4209768	45988053	3	3
4224804	4119309	2	2
4218016	37118067	8	14
4215746	4284463	4	4
4264571	44805022	5	5
4219902	4157980	6	7
4234942	4234944	1	1
4265442	4242888	3	3
4220499	4302335	2	2
4194163	4219517	2	3
4204952	4164332	1	1
4223312	4039957	9	9
4203722	44791969	2	2
4245286	4122245	2	2
4230545	37396952	6	8
4213995	4213579	3	3
4196958	37203798	3	3
4230216	4044262	6	6
4249833	4228601	9	9
4219536	4245294	10	15
4218016	37112220	6	10
4244662	4063183	4	4
4198033	4178343	9	10
4249437	4051338	2	2
4193988	4187237	2	4
4224209	36716838	4	4
4204934	4258839	1	1
4240671	4158007	7	7
4189286	4030802	4	4
4194163	4022871	5	12
4241272	4278106	9	9
4237366	4055964	8	11
4237963	35623073	2	2
4218016	4201751	5	10
4265442	4016725	3	3
4187782	42872915	3	3
4204481	4203591	1	1
4217941	4328813	8	8
4218016	4168311	6	6
4224465	4030006	1	1
4240671	4090785	6	7
4227862	46271636	6	6
4249833	4222776	9	11
4201944	4180147	3	5
4240421	37114862	6	6
4195000	4336984	4	4
4194306	4091389	5	5
4240671	37114816	9	16
4217941	4258970	5	6
4200065	4218399	1	1
4195076	4061287	1	1
4264818	44809488	3	4
4235343	4235493	1	1
4240671	37111025	6	18
4219686	4051188	5	6
4204934	4258011	1	1
4234605	4202246	3	3
4260432	42537991	5	5
4230216	4265863	7	7
4222543	4200136	7	10
4217142	4353038	6	6
4184252	40482864	3	3
4190307	36715536	2	2
4218107	36715146	4	6
4258497	46272055	3	3
4198525	4342652	3	3
4236311	4138769	1	1
4212119	4030119	6	7
4218016	37399572	10	16
4237366	4132749	6	9
4265141	4105724	3	3
4266654	3662175	3	3
4266654	4058062	2	3
4240671	4135600	4	4
4184780	4185654	1	1
4218016	35632430	7	7
4204181	4122256	1	1
4240671	3667129	6	11
4240671	37117522	7	10
4264477	46273952	2	2
4221921	4300547	4	5
4263923	4034281	4	4
4202658	4237273	3	3
4237711	37114400	1	1
4205702	36714525	3	3
4207119	4167081	2	2
4211650	43020940	6	6
4260432	4212453	2	2
4240421	4286101	5	13
4195000	4282770	3	3
4209864	4057558	2	2
4226780	4218471	6	9
4184481	4272964	1	1
4225241	4286749	4	6
4240421	4090928	7	11
4188978	4206380	6	6
4222709	3667157	5	11
4197929	40489326	2	2
4230709	764989	3	3
4244662	42534871	4	7
4214426	4028859	4	4
4240345	4247158	6	6
4220348	4084070	1	1
4185470	37204312	4	4
4195765	4039869	6	6
4232505	4282554	2	2
4201233	4040932	3	5
4194163	4231138	14	16
4212341	4245277	2	2
4261263	4260621	4	4
4210602	4263085	1	1
4217941	4018115	6	8
4193464	36686531	4	4
4203936	4313028	3	3
4210988	4295891	6	7
4222448	4176117	4	4
4201944	4144179	4	6
4229415	4037599	2	2
4222543	37118157	8	13
4198033	37114005	6	7
4194009	4264829	2	2
4237366	4160209	6	11
4242536	4089424	5	5
4238738	4046471	4	4
4208665	4080595	3	3
4260883	3027473	2	2
4217941	4016178	7	9
4188978	4231053	6	6
4213400	78276	3	3
4265994	4108195	4	4
4240671	4238014	6	15
4237366	37112595	8	12
4206738	4210415	2	2
4237366	4236703	7	13
4250176	3044308	3	3
4218109	46273706	1	1
4243478	4050282	4	4
4188808	36674531	1	1
4266756	37312220	1	1
4214028	4209289	4	4
4209855	36695935	3	4
4244720	37016987	3	3
4198525	4035480	4	5
4218643	4197018	2	2
4225020	4057719	4	4
4239736	4239416	2	2
4240421	4289441	6	13
4215980	4223602	3	3
4216134	4348293	7	7
4260432	4138616	5	5
4240671	4208549	6	12
4203442	4070869	2	2
4218016	4092150	5	5
4249833	4034700	9	11
4240671	4281531	6	14
4241272	4159058	6	6
4231759	4070869	4	4
4237366	4278288	9	10
4216287	4186709	3	3
4240671	37118229	3	4
4246053	4209268	3	3
4194163	42539009	11	12
4210988	37111980	7	8
4231758	4123259	5	6
4240421	4309368	6	6
4217941	4017138	7	9
4238768	40480971	1	1
4196678	4103218	3	3
4221921	4270921	6	6
4214793	4282687	5	7
4204180	4124261	1	1
4233903	35624123	2	2
4261018	37114012	4	4
4198525	4147790	5	5
4202213	36715312	2	2
4213548	4006288	2	2
4212452	4326982	4	4
4193463	4212725	5	5
4185782	42872952	4	4
4237168	4248859	4	4
4198399	4217823	2	2
4211812	40480973	6	8
4259278	4003841	1	1
4207307	432556	2	2
4244662	4129236	5	5
4188300	4188704	6	6
4205702	35612821	5	5
4220321	4014977	1	1
4260432	36675200	5	5
4225241	4028315	4	4
4249833	4231359	10	10
4265442	4196060	3	3
4217941	44783952	6	6
4199959	4343559	2	2
4222543	4075092	7	7
4265712	4135966	3	4
4249437	76034	4	4
4219902	36695584	3	3
4230216	4026096	6	6
4190531	4190532	1	1
4230178	45765734	5	5
4207400	46028559	3	3
4262396	4049734	2	2
4240671	4274870	11	20
4219902	37304208	5	6
4211650	4310985	4	4
4194163	4123641	4	4
4217941	43021878	6	8
4218016	4100894	6	12
4197328	4010523	6	6
4249830	4200620	2	2
4265442	4016420	3	3
4194163	46272148	13	15
4265442	4016722	3	3
4212119	4049518	2	2
4184093	4185347	1	1
4240671	4238005	5	13
4248234	37114671	2	2
4221349	4274321	4	4
4249833	4269486	9	11
4217573	4264700	3	3
4189640	4082493	6	7
4241958	4075266	4	6
4240421	4034710	4	6
4214796	4068338	2	3
4264500	4286746	4	4
4240421	37112265	8	8
4244662	4157453	3	3
4240421	37117374	10	10
4209768	45962609	2	2
4228050	40486454	3	3
4225241	4090286	5	6
4208466	762013	6	6
4209223	4110026	3	3
4240671	4353153	5	10
4185470	4003834	4	4
4240421	4284900	17	18
4194163	37396017	6	9
4196708	45766063	2	2
4241470	4185582	4	4
4213092	4203702	1	1
4214793	4080117	8	12
4240671	37118852	8	21
4220373	4074373	1	1
4240461	4291310	1	1
4238317	4313816	3	4
4195307	4000158	1	1
4185470	4094553	5	5
4222543	37114208	9	9
4240671	4235490	7	21
4202345	37117854	3	4
4203162	4176788	2	2
4217941	4016179	7	9
4193874	45757261	1	1
4217941	4198839	4	6
4240671	4271830	7	22
4216134	4170257	2	2
4240345	4263834	7	7
4213128	4341368	3	3
4211812	4235000	5	6
4207307	4221266	3	3
4240421	37113337	4	4
4248432	4078383	1	1
4230681	4168668	3	3
4235414	4059392	3	3
4244662	4131431	3	3
4240421	4081965	7	9
4184252	4182606	5	5
4199457	4279456	8	9
4185749	4264408	6	6
4237366	4121507	4	7
4218718	4008926	2	4
4183183	4216816	1	1
4219902	36716218	4	5
4199141	4077543	3	3
4219536	4082958	10	10
4244662	4181150	4	6
4260432	4198304	5	5
4241272	4069568	6	7
4240671	37114558	9	24
4224209	37118718	7	7
4240421	4091979	6	6
4218016	4014107	5	6
4217801	4017436	1	1
4203551	4083704	4	4
4260432	4018531	8	8
4265535	4265542	3	3
4244662	4243906	3	4
4235906	4155071	3	3
4240421	4093809	8	9
4222691	4204209	3	3
4262807	4025116	3	4
4237366	42538138	7	7
4254068	36714546	1	1
4237017	37207527	4	4
4205702	35612868	5	5
4222880	46008104	1	1
4240671	37112247	5	10
4219902	37117627	5	6
4240847	4050085	2	2
4266324	4320978	6	7
4190143	4190144	1	1
4241272	37117298	7	8
4240421	4228529	9	9
4208466	36713001	4	4
4240421	4298328	6	7
4216134	4037693	3	3
4237366	4177587	9	15
4194163	4122526	5	7
4214793	4075871	5	6
4240421	4238479	7	7
4184149	4142795	1	1
4240421	37113120	4	4
4221489	4228757	1	1
4219536	37118921	7	11
4187630	4089217	3	3
4200877	4229748	4	4
4212318	4199302	5	7
4185240	4095703	1	1
4199457	37112564	7	10
4249833	4178012	10	10
4194884	35632149	3	4
4216316	45757167	3	3
4201944	4072719	6	7
4213128	4207175	4	4
4218016	37112578	13	17
4231363	35611569	7	7
4250014	4028386	1	1
4185470	318989	6	6
4187630	765130	4	5
4214793	4281597	6	8
4228747	4227063	2	2
4237366	4182732	8	11
4188978	4208177	6	6
4222543	3667289	6	8
4241272	4353133	6	6
4240421	37115595	4	4
4219536	4089291	9	9
4237254	37119197	1	1
4241272	4005475	3	3
4202015	4050074	1	1
4266188	4202042	5	5
4183602	4330776	1	1
4204158	4124225	2	2
4215969	4182506	1	1
4223252	46036816	2	2
4200674	37304169	5	8
4194163	4022285	14	15
4246120	4247351	2	2
4240671	4134482	7	16
4225033	4183740	3	3
4249833	3655072	6	8
4240671	37114471	8	15
4190307	375732	2	2
4244434	4195806	2	2
4194163	4115754	4	5
4186164	4313652	5	5
4233093	4022621	2	2
4201233	4315949	3	4
4227065	4336992	2	2
4240421	4234601	6	6
4211812	4176788	10	15
4193446	37112578	3	3
4214793	37112810	5	9
4185749	44807285	7	7
4194163	4106547	6	7
4184252	43530740	3	4
4226282	4015490	4	4
4249833	35621880	5	10
4231759	4139273	3	3
4265442	4151211	3	3
4220699	4195340	2	2
4249833	37206219	4	8
4214796	4275036	4	4
4218016	4110774	6	9
4240671	37113722	7	12
4194163	4166045	2	4
4215634	37219066	3	6
4241354	4075262	1	1
4244662	438879	5	11
4262608	4020746	8	8
4203083	4229669	2	2
4215157	4237026	3	3
4265442	4016567	3	3
4214086	4038023	2	2
4237366	4189175	7	18
4198525	434587	5	7
4249833	4286805	9	11
4188978	4013652	6	6
4240671	4177062	6	6
4204180	4120337	2	2
4208786	42538987	1	1
4204934	4074404	2	2
4189293	43021751	2	4
4225586	45973629	3	3
4203622	37017241	3	3
4244018	4245198	1	1
4189640	4264112	4	4
4199799	37119175	1	1
4197328	4343918	3	4
4237366	4194439	6	9
4227612	4085235	3	3
4216461	3010150	1	1
4260659	37113454	8	8
4217941	4182373	7	9
4213431	40481960	1	1
4240671	37118779	7	11
4217941	4232846	5	5
4216253	4187685	2	2
4199457	4200264	6	6
4230216	4024077	8	8
4237366	4107938	8	9
4190192	4002160	5	5
4237366	37117471	8	15
4214793	4073762	7	8
4265164	40480464	2	3
4184217	4182934	2	2
4183932	4183937	2	2
4222709	37114236	3	3
4217941	40490849	3	3
4199457	4295120	4	6
4260883	3014753	1	1
4237366	4310522	9	10
4240671	4275587	4	8
4237366	4353398	10	14
4242536	4001041	3	3
4223312	37114711	12	14
4240421	4091994	8	8
4241958	4151921	6	7
4237366	42539746	6	8
4264818	44809495	3	4
4240671	4278919	6	20
4260432	4200911	5	5
4218016	4078850	5	7
4189640	35610328	4	4
4213101	4313662	4	4
4240671	4082936	5	7
4212318	4097677	1	1
4240421	4092925	6	6
4212328	441521	4	4
4261870	4095240	2	2
4244662	4174195	2	5
4229909	4316754	4	5
4217941	37311476	6	9
4212119	44783174	3	3
4213101	37396249	4	5
4214793	4074072	6	7
4195616	4181771	2	2
4211657	760280	3	3
4242802	4230326	1	1
4184453	40483216	2	2
4222543	35632159	6	7
4222385	4145365	3	3
4197370	4206105	4	4
4237366	4047223	7	10
4208663	321505	2	2
4201944	4269232	5	6
4222390	37114314	4	5
4189849	4309888	2	2
4242536	4089569	6	6
4250176	4196287	4	4
4205694	4086288	1	1
4252534	260430	3	3
4197094	4057808	5	5
4250176	3007735	4	5
4262608	4349123	8	12
4205702	35614118	5	5
4265442	4266068	3	3
4200877	37118722	7	7
4244434	4243023	1	1
4244662	37397523	5	6
4211650	4209368	4	4
4218016	4087869	5	12
4216134	40487002	5	5
4190307	3655602	5	5
4262608	4149966	5	5
4198033	4142324	5	5
4217941	4052886	5	7
4223312	4048125	8	8
4260433	37109858	3	3
4266440	42689906	2	2
4224365	45979526	3	3
4237405	4149058	5	5
4266440	4118395	4	4
4222543	4216381	7	8
4240421	4146193	7	12
4250176	40484189	4	4
4249833	4157483	4	7
4240421	4087517	7	7
4221921	4244228	4	4
4240671	4293159	4	11
4240671	4158809	9	22
4230216	46271687	6	6
4198525	4080599	4	4
4212079	4276198	3	3
4221921	4184825	4	5
4213888	37394799	2	2
4200707	4326524	3	3
4201256	37018845	4	4
4244662	4250329	3	3
4194163	45769364	7	8
4222727	4146549	1	1
4195765	4169581	5	5
4191736	4039531	2	2
4193694	4201036	2	2
4185749	40486422	3	3
4194163	4024395	8	15
4210989	46270584	5	5
4240421	4169734	7	7
4194163	4236283	3	3
4249833	4229205	6	8
4220452	4138779	2	2
4244662	765073	5	6
4265442	4018099	3	3
4226402	4202523	5	5
4230219	4249600	1	1
4241272	4349921	8	8
4237366	4077145	6	9
4197094	4311480	6	6
4197094	36714655	5	6
4218016	4224627	7	8
4237366	37219329	8	10
4240671	4281992	7	20
4201944	4279133	2	2
4241527	4329244	1	1
4237963	4193797	1	1
4201531	36713342	2	2
4202651	4088313	3	3
4232620	4073030	4	4
4240421	4216385	5	5
4216273	4246225	2	2
4217941	4228601	7	7
4260432	4223673	8	8
4250176	4017500	2	2
4188300	36683431	5	5
4194884	4259687	6	6
4206788	4334868	1	1
4260399	3005728	2	2
4266324	4285046	5	5
4254485	42690047	1	1
4242903	37113771	5	5
4249833	4259959	7	7
4194884	4209984	4	4
4208786	36683408	4	4
4208786	4019053	4	4
4197094	4261784	4	5
4242903	36715015	5	5
4188615	4077936	1	1
4201944	4207368	5	7
4216579	4166088	1	1
4246695	4009906	3	3
4253608	37311688	1	1
4222543	4237074	7	7
4250176	3031554	7	7
4265442	4148709	3	3
4188978	4229676	6	6
4258543	4154939	1	1
4239679	4068022	2	2
4218718	4008758	2	3
4225020	4123618	4	4
4260432	4336661	8	8
4205702	35612873	5	5
4213101	4244352	5	6
4262608	4186205	8	14
4237755	4349957	5	5
4184295	37112936	8	8
4222390	4087579	4	5
4263612	4201890	1	1
4240671	4273620	9	13
4215157	4018897	4	4
4240671	4171760	3	3
4266324	4242370	5	6
4236365	37113297	4	4
4222543	4053260	5	5
4241100	4034168	2	2
4212705	4094067	1	1
4260432	4018242	8	8
4225586	45978017	4	4
4238639	4163675	3	3
4230545	37396931	5	8
4248263	4048108	4	4
4194163	4300613	13	16
4244662	4092223	5	6
4198525	44809434	6	6
4231758	4285145	2	2
4185470	442163	7	7
4214793	4320146	7	9
4194874	4162270	4	4
4264271	4183341	2	2
4193464	4209752	2	3
4260432	4207878	5	5
4266158	4123378	1	1
4233903	4311997	6	7
4212341	44784153	3	3
4231758	4125945	4	6
4240671	4045664	7	16
4244662	4182404	3	4
4218016	4214137	8	12
4209768	35617070	3	3
4211812	4005181	6	8
4194163	4211835	13	14
4194607	4033504	6	8
4240948	4207632	2	2
4233388	4139137	4	4
4222543	4281595	6	12
4188078	4005810	3	3
4246053	4146598	2	2
4240421	4263470	5	7
4237366	42538829	6	7
4222709	4314617	1	1
4202494	4150191	1	1
4240421	4226049	6	6
4225020	4327039	5	7
4222455	46271505	6	6
4230216	4106546	7	7
4216845	4092331	7	8
4194163	45766347	14	15
4237366	4052263	6	9
4238783	4353725	2	2
4202121	4206387	1	1
4218016	35632402	3	3
4221108	4199309	7	7
4230709	36685172	4	4
4238224	4164451	3	3
4237366	37017111	6	11
4249833	4233734	6	6
4221349	4239618	6	6
4241272	37113371	12	12
4184708	45771409	4	4
4199447	4113460	1	1
4195000	4020918	2	2
4222691	4287991	4	4
4217941	4190240	4	4
4239428	40481486	1	1
4240345	4015150	6	6
4244854	4170363	5	5
4213101	36674822	3	6
4190104	4143834	1	1
4249833	4224444	9	11
4239440	40487897	2	2
4193988	4084971	3	3
4194874	37219212	6	9
4243144	4010808	2	2
4219446	4027008	4	4
4240421	4002036	4	4
4237366	4246687	4	7
4230216	4026233	8	8
4241958	4237544	2	4
4186712	4167557	2	2
4205702	45764267	2	2
4217801	4019210	1	1
4256625	36716108	3	5
4240671	4236499	8	20
4194884	4195826	4	5
4240421	37114060	6	6
4198525	37017008	5	5
4230216	46272211	8	8
4193874	4263219	4	4
4222543	37118327	16	20
4225241	42536254	5	6
4198525	4342634	5	5
4189286	4149168	3	5
4226228	4263322	4	4
4240421	37112877	6	6
4223312	4007297	2	2
4240671	37303864	4	7
4250176	4040195	5	5
4240671	4089095	3	22
4249833	4018099	9	11
4209982	4161283	6	6
4225033	4313269	4	4
4217941	4034607	4	4
4217941	37018632	6	6
4240671	4025354	6	10
4209252	3015309	1	1
4205695	4133747	5	5
4249833	4231091	8	10
4222543	4171750	7	11
4224822	4022827	1	1
4212748	4310837	1	1
4189640	36684809	5	6
4226249	44783513	1	1
4208946	4055964	4	4
4186164	40486156	4	5
4240671	4134118	2	2
4247666	4242117	2	2
4217941	43020994	7	9
4216845	37117600	7	8
4201585	4049370	2	2
4199409	4195694	2	2
4188078	4052167	1	1
4237366	37218973	7	9
4204651	44808791	2	2
4212452	45769699	3	3
4185749	4167392	3	3
4230545	37399561	5	6
4194163	4024799	14	15
4240421	4133853	5	10
4205407	4017317	3	3
4195471	36703538	2	2
4237584	37111953	1	1
4265704	4089141	3	3
4260432	4224608	8	8
4212119	4027399	7	7
4193464	36685936	3	3
4230216	4044097	7	7
4212886	4264112	4	4
4240154	4029161	1	1
4217801	4195070	1	1
4263628	4165404	1	1
4218017	44782941	1	1
4244662	4116008	4	7
4231173	4202043	1	1
4230487	4159609	4	4
4230216	4005045	5	5
4222543	3667212	4	4
4198055	4083331	1	1
4236386	4151114	2	2
4223925	4164721	4	4
4198033	37112671	7	7
4240671	4077399	7	16
4230216	4309943	2	2
4203722	44810786	3	3
4260432	4038293	5	5
4237366	4197698	5	9
4196678	36676328	4	4
4205000	4201966	3	3
4237366	37117612	9	10
4228348	4171856	1	1
4244662	36685101	6	6
4190245	4230727	2	2
4187965	4197078	5	5
4240421	4236949	9	9
4200877	4135967	6	6
4185470	36716774	7	7
4192907	36713612	1	1
4187630	44789578	5	5
4237366	4278660	9	11
4216134	45769869	5	5
4240421	4141181	6	6
4205785	4213744	2	2
4222543	4321259	6	8
4188615	4077629	2	2
4237366	4353023	5	6
4211251	3667276	5	5
4218016	37396985	10	17
4199541	135027	1	1
4222709	4233956	9	9
4250176	4078040	2	2
4266321	4240482	2	2
4237304	4094381	2	2
4219871	3657674	3	3
4260432	4162817	7	7
4217045	4027975	2	2
4207185	4112011	3	3
4184708	760475	5	5
4242411	4126301	4	4
4230216	4300605	7	9
4260432	4232860	5	5
4237255	4179709	1	1
4244662	434161	3	8
4251423	4246553	3	3
4206168	36203239	2	2
4262920	761727	2	2
4194163	4244360	11	12
4241272	36695912	9	9
4240671	4093581	6	16
4202494	4299791	3	3
4187630	4151771	7	7
4239585	4128003	5	5
4237366	4198678	2	3
4240671	4030780	6	15
4188078	4301480	2	2
4240671	37112396	8	16
4211641	4057916	3	3
4224337	4048434	1	1
4217941	4289330	7	9
4219540	4353950	3	3
4225020	4093553	7	9
4188970	4080941	2	2
4241272	4044354	9	9
4184093	4181223	1	1
4222709	4218557	2	3
4226780	37117520	8	8
4198293	37113916	3	3
4233242	4215211	2	2
4221108	36674471	6	6
4240671	37111636	5	10
4254357	4175157	1	1
4237366	4281602	7	12
4208466	762009	6	6
4193464	765214	3	3
4241272	37113116	11	11
4199701	4168966	1	1
4197328	37310035	5	6
4240671	4089798	8	17
4237366	37112573	9	16
4237366	4150568	6	7
4207614	4171717	2	2
4198033	42537834	6	6
4230216	4025618	7	7
4188970	36716445	2	2
4212886	194585	6	6
4265442	4220317	3	3
4249833	4018689	9	11
4193988	4050829	4	4
4240671	4353023	5	7
4183161	4061205	1	1
4201944	4069726	5	5
4241272	4111896	7	8
4244662	4009450	4	10
4225020	4091569	5	6
4190936	44792621	1	1
4195932	4013748	2	2
4260432	37396161	5	5
4249833	4015404	7	8
4222543	37219065	9	13
4194163	46272209	13	15
4194609	4167985	1	1
4194163	46271688	12	13
4237366	4203767	7	12
4233666	4148157	1	1
4195765	4094305	3	3
4213041	507241	8	8
4262229	4091386	7	7
4213041	37204595	5	5
4237366	4075694	7	16
4240421	4307276	4	4
4212119	4080326	9	9
4187965	44783118	2	2
4210454	36716218	1	1
4236368	37118189	2	2
4197120	4338091	3	4
4233623	37207543	3	3
4190192	42539142	4	5
4193321	4020342	4	4
4224644	4234758	2	2
4205560	4305806	2	2
4241901	4300471	1	1
4265994	4111042	4	4
4222565	35632176	2	2
4240671	4159427	9	15
4188978	4306916	7	7
4196956	36717297	3	3
4191381	37304136	3	4
4251333	4278297	3	4
4240671	4273535	5	11
4244662	37110633	2	2
4242903	37112722	5	5
4190192	40489394	5	5
4237017	45770216	2	2
4260432	4001013	5	5
4225522	4297289	3	3
4231758	4295736	3	4
4256117	4054080	2	2
4260341	4138317	4	4
4205702	35613783	5	5
4240671	37119120	7	11
4237366	4199511	7	9
4249833	4263926	7	7
4240671	4289244	5	8
4217806	37304183	3	3
4230374	4069165	5	6
4202237	4100099	4	4
4222543	4148816	6	6
4234567	45764646	1	1
4217806	37111468	3	3
4235570	4141228	3	3
4222709	4352006	2	2
4222709	4104646	4	5
4187630	46270584	5	5
4223312	37112850	10	12
4198525	4033013	7	7
4188293	4019949	1	1
4210988	4133057	6	9
4200674	4231267	6	7
4185749	4182653	9	9
4265141	37018508	4	4
4250014	4093809	3	3
4261870	4156324	2	2
4204551	4230193	2	2
4194163	4009010	14	16
4190307	4047622	5	5
4244662	4079325	4	4
4206116	4230431	3	3
4219536	4176042	6	9
4208947	4081665	5	5
4194163	37116406	13	16
4246695	36715678	3	3
4222543	37113496	11	13
4240671	37110179	5	5
4240421	4237825	5	5
4218107	36715147	4	6
4194163	46272881	9	10
4184592	4328582	2	2
4238738	4038205	5	6
4242903	4079040	2	2
4237856	4225967	4	4
4226174	4240486	1	1
4262608	4092246	5	10
4236715	4052846	2	2
4240671	4278614	9	26
4224209	4076407	7	7
4237366	4056381	6	6
4208816	4278833	2	2
4205000	4205058	3	3
4241272	37113738	7	7
4184503	195461	1	1
4249833	4230149	6	9
4207184	4051333	5	5
4222709	4236521	9	9
4211650	4199357	4	4
4194163	4037016	7	9
4190307	4150516	4	5
4244662	36714666	5	6
4209768	46044854	4	4
4240671	4088459	7	8
4240671	4189388	7	13
4249833	44784153	5	8
4233623	45770233	1	1
4185749	4082613	5	5
4205695	4046493	4	5
4240671	4237507	3	3
4185470	37017442	7	9
4240671	4238298	7	17
4240421	4147662	4	4
4198525	4245461	7	7
4230216	4286337	8	8
4240671	4235493	6	21
4212119	42872961	8	12
4218245	4009387	2	2
4240421	4125065	6	6
4265442	4016572	3	3
4240723	4140498	3	3
4202651	37119193	6	6
4198525	4136895	3	3
4237366	4158813	8	10
4216845	4251793	5	7
4188978	37016273	6	6
4241342	4284460	3	3
4240421	4075991	3	3
4260399	3002266	2	2
4249833	4078515	9	11
4205682	44790479	3	3
4234342	43020598	1	1
4194163	4163859	6	9
4197094	4162772	4	4
4211812	4076952	7	7
4194163	4325044	5	5
4237366	37219084	8	21
4240421	37113543	7	7
4215093	4333757	3	3
4226780	4276111	6	9
4201944	4207455	2	3
4191383	4321399	7	7
4195765	4279625	3	3
4237366	4180960	6	8
4187630	4060058	2	2
4240671	4156107	7	22
4241394	4164583	3	3
4210988	37115305	5	5
4234605	4114114	4	4
4240421	42539712	6	10
4214793	4150022	5	5
4212341	4217698	5	5
4226780	4152941	4	7
4202494	4061654	4	4
4223312	4088944	5	5
4233093	4147862	1	1
4249833	4333486	6	7
4216134	46273842	2	2
4216845	37113405	7	8
4249833	4228011	9	11
4201233	42537581	4	4
4240421	4213343	6	6
4235137	4150270	4	4
4205560	4150682	3	3
4237366	4024300	5	12
4188163	4028710	3	3
4242536	37396950	7	8
4240345	4068689	4	4
4217806	37114522	3	4
4240671	37112821	9	13
4201944	4076565	4	7
4231758	3655888	6	6
4222543	4087981	10	11
4249997	4332865	6	6
4189458	46273519	4	4
4240671	37112947	9	22
4221349	4009949	6	6
4244999	4296687	1	1
4222709	4001195	4	4
4185916	37109333	4	4
4218822	4238539	2	2
4197094	4180023	5	5
4195765	4048558	4	4
4232301	4297777	4	4
4246053	4165687	4	4
4213128	40489295	4	4
4240671	4289242	7	11
4266002	4268098	1	1
4216134	42537093	6	6
4213093	37395771	2	2
4249833	4229388	3	10
4256118	4304583	3	3
4202664	4191587	2	2
4260432	43021914	8	8
4194163	4127312	10	11
4266324	4237397	2	2
4194412	4136599	2	2
4222543	4148835	5	6
4240671	4329046	8	17
4244662	36676430	2	9
4216632	4198887	1	1
4222709	37113443	9	15
4194197	4035734	2	2
4222768	441702	2	2
4206588	4301936	1	1
4240671	4159256	7	7
4260432	4136814	8	8
4183948	4272390	6	6
4185749	44809372	5	5
4183662	4181557	2	2
4223312	4076152	10	12
4237365	4089096	4	7
4249833	44783304	4	5
4237366	4111185	11	16
4240671	4238105	2	18
4198525	4095313	5	6
4222709	37113689	7	8
4241272	3667249	7	7
4212119	4195606	5	5
4216314	4151673	5	7
4198033	4081654	7	7
4220499	4234309	3	3
4194163	4309600	14	17
4249833	4231037	5	8
4226780	4149899	6	11
4240421	4233552	6	11
4194873	37113157	4	4
4241272	4238155	7	8
4212119	4103444	6	6
4212451	4140669	3	3
4237366	37111906	8	9
4245286	4148771	1	1
4222434	4302449	1	1
4230374	4140311	2	2
4260432	4334966	5	5
4237304	45767976	2	2
4258497	4259350	1	1
4237366	44791599	6	11
4209982	4220537	4	4
4223732	45980744	1	1
4204500	4217008	3	3
4229415	4035721	2	2
4198525	4324330	3	3
4217142	37113267	7	7
4201093	4173653	2	2
4222390	37114927	3	4
4194256	37312383	1	1
4219536	36716064	6	7
4217941	4275291	7	9
4237366	4308301	5	14
4230216	4220041	4	4
4240421	37304204	7	10
4196657	4151304	3	3
4251333	42538894	3	3
4195765	4024628	2	2
4262608	4178351	2	3
4240421	37119277	6	6
4238738	4042352	4	4
4241470	4228196	4	4
4218016	4062546	7	12
4212119	4183467	4	4
4237366	4171169	8	19
4222709	4087390	4	4
4240671	4077117	6	21
4198525	45757559	3	4
4240421	4180504	4	5
4209768	45978558	4	4
4262608	4337663	5	5
4231759	4231308	2	3
4190397	36716327	1	1
4239582	4302959	1	1
4249833	36676612	6	8
4209224	4319450	4	4
4219536	4200137	7	10
4242997	4098273	1	1
4260433	40480034	4	4
4211812	4074822	6	8
4224367	45993133	2	2
4239972	4122982	2	2
4216134	37397352	5	5
4240671	45765908	4	4
4198525	4143870	5	5
4183733	37309755	2	2
4240671	4163392	7	20
4188498	4172130	9	9
4240671	4158179	7	7
4198967	44807280	3	3
4211812	4021576	4	5
4214793	4004653	6	8
4194607	4235920	5	5
4240648	4033630	1	1
4230216	4287252	7	7
4196708	40483620	5	5
4240421	4283604	5	5
4233715	4224036	2	2
4207400	46031889	3	3
4249456	43021363	3	3
4222709	42537404	5	5
4233388	4045608	1	1
4194306	4175115	4	4
4262608	44783902	6	10
4240421	4002715	2	2
4182771	44783553	2	2
4237366	4184735	6	13
4184252	133298	2	2
4225020	37111946	8	8
4211812	4002237	5	8
4242443	4332255	3	3
4187965	4077486	5	5
4214990	4067333	1	1
4214793	37117978	8	10
4240671	4004200	4	4
4240671	4087991	6	18
4187096	436252	4	4
4240671	37110154	5	5
4204158	4085782	2	2
4188978	4234483	6	6
4198525	4144588	4	4
4234605	4241262	5	5
4243884	4243128	1	1
4246053	40491909	3	3
4189458	73336	4	4
4264458	37113462	14	14
4223312	4092599	9	9
4219536	37304154	8	12
4236365	37111881	3	3
4194163	4048370	10	11
4259134	4253162	1	1
4183602	4034771	1	1
4211653	4161513	4	4
4221357	46270183	2	2
4188978	4231779	6	6
4188300	4047474	6	6
4189849	4186781	3	3
4216845	4245917	7	9
4194197	4125465	2	4
4207307	36715532	3	3
4222543	4236948	10	16
4231380	4239968	1	1
4212886	36684826	8	8
4264458	4281774	10	10
4212119	37116839	7	7
4266612	4125271	3	3
4217075	4061917	2	2
4211650	4235963	4	4
4240421	44783913	10	10
4195765	4149246	3	3
4237366	4143932	8	9
4226780	4008603	5	10
4222543	4281619	7	9
4198525	4033063	8	9
4190192	43021339	1	1
4240421	4082889	5	5
4217941	43020527	6	8
4250176	4136993	2	2
4215093	4177228	3	3
4188978	4012161	6	6
4215139	4215265	1	1
4210988	4037420	6	6
4225025	4166359	4	4
4260432	4200896	4	4
4197328	760469	7	8
4249833	37109679	4	10
4198525	4342637	2	3
4246681	37397460	1	1
4194964	36685746	3	3
4240671	4226336	5	6
4257441	432628	5	5
4215139	4214683	1	1
4194163	45957434	7	7
4194163	4026091	12	13
4238720	4012460	5	5
4240345	4275563	3	3
4250176	44805331	5	5
4240671	37396947	7	20
4217941	4120155	7	9
4228199	4071176	1	1
4265442	4147513	3	3
4249833	4331813	5	6
4189394	44793110	1	1
4224822	4241720	3	3
4241470	4309670	4	4
4260432	4228149	8	8
4186422	44783995	4	4
4240421	37113223	6	7
4249833	40491998	6	7
4240421	4089598	8	11
4190192	42873060	6	6
4240671	4087387	8	15
4200177	46270856	3	3
4240671	4306330	5	17
4260432	4213663	6	6
4241272	4155533	8	9
4240671	4294990	10	19
4190345	760445	2	2
4244368	4145894	4	4
4241272	4005335	9	11
4203906	4196473	3	3
4240421	4268567	3	3
4244662	37310475	5	7
4214793	37114860	6	11
4194163	4125400	8	9
4249833	4195455	6	9
4232301	4041005	5	8
4225020	4237572	11	11
4215790	4340517	1	1
4193694	3050440	2	2
4244662	37111357	4	7
4212119	4098963	6	6
4198525	4147380	6	6
4222709	4181494	5	8
4257965	4253899	1	1
4246053	4190013	3	3
4265141	4086032	3	3
4185643	4092545	1	1
4240421	37117321	5	5
4240671	4094219	6	23
4240671	4147841	3	3
4196642	4176657	3	3
4240421	4078614	7	11
4215157	4020774	3	3
4191610	4234254	1	1
4222390	4092002	4	5
4250176	4214662	2	2
4237366	42537450	4	7
4203103	40484267	2	2
4218643	4042935	2	2
4217941	4035104	6	7
4208347	4026502	2	2
4217941	4244714	7	9
4240671	42535865	5	9
4240421	37304195	6	6
4194163	37397065	5	5
4240422	4113348	7	7
4240671	4195857	5	17
4219902	4139373	6	9
4240671	37111758	3	7
4237366	4207939	5	6
4230216	4302182	5	5
4240421	35632208	4	4
4185470	3572249	4	4
4237366	4178344	10	12
4211812	4276129	5	7
4240421	4049637	4	11
4240671	4046504	4	14
4265442	4025031	1	1
4249833	4018515	9	11
4194884	4154852	5	5
4260341	45770819	4	4
4260399	3004611	2	2
4200118	4206481	1	1
4218016	4222899	9	12
4194884	4042219	5	6
4188054	4024720	1	1
4265442	4016992	3	3
4203600	4297664	1	1
4201219	4201652	1	1
4214409	4219359	2	2
4238783	37208583	4	4
4237366	37113948	9	9
4243478	3656026	6	6
4220599	4225032	5	5
4221108	37205040	4	4
4218016	37396939	9	15
4237366	37113539	7	7
4188978	4206688	6	6
4221349	4073672	5	5
4240421	4284767	6	7
4244662	36716192	2	5
4232854	4261196	1	1
4188300	4253015	1	1
4187965	4237590	1	1
4216351	4137929	2	2
4184754	45766913	3	3
4193245	4144168	4	4
4217181	40492999	2	2
4237856	4167392	3	3
4194607	4314272	6	8
4237359	3655693	2	2
4240421	4247286	5	5
4249833	4203843	10	10
4240671	4352265	5	12
4249833	4217809	9	11
4240671	4269938	3	13
4218016	4090940	7	10
4218016	37115486	9	11
4221679	3655633	2	3
4261709	763610	1	1
4185782	37204557	5	6
4240421	37396939	5	7
4249833	4187466	6	9
4210989	4059155	2	3
4250176	4311205	5	6
4240421	37117580	7	10
4213101	4247464	6	7
4205000	4011867	2	2
4217941	4140763	7	7
4212119	4028544	8	9
4194163	45957560	9	11
4237366	37114922	8	9
4199417	3657028	3	3
4190307	4088245	3	3
4241272	4164448	8	10
4188300	37311262	7	7
4222543	4311982	5	6
4266448	4114418	2	2
4240671	37115169	5	12
4185916	4082711	2	2
4221921	4330734	4	4
4244662	441155	5	12
4212119	4287933	6	6
4237419	4331863	3	3
4240421	4090033	5	5
4183514	4158190	3	3
4240671	37114953	7	20
4218016	4086476	7	10
4186164	765194	4	5
4186392	4135718	3	3
4215634	4121142	1	1
4203551	4298276	1	1
4198033	4120832	8	8
4217941	4229895	7	9
4200124	4148899	2	2
4218016	4287469	5	5
4218107	4221561	6	9
4195128	4226487	1	1
4230622	4015770	2	2
4260433	4005805	4	4
4197328	36686458	5	5
4198525	4109897	4	6
4223103	45992701	2	2
4237366	4248875	8	11
4196500	40487999	2	2
4265530	4091206	2	2
4232214	4281920	3	3
4216845	37118849	7	8
4230216	4044452	8	8
4207119	4003727	2	2
4212119	4034839	7	9
4202658	4107383	2	2
4223312	37117812	7	7
4184156	3014697	1	1
4222962	4057730	4	4
4195000	4209563	1	1
4240671	4009377	6	9
4241272	4057118	8	8
4197328	4006768	3	4
4247331	36715808	2	2
4212119	4165583	6	6
4264049	4234397	2	3
4219472	4206488	1	1
4205702	35613547	5	5
4244662	37109004	5	5
4194163	46271094	8	9
4222543	37115548	6	10
4247597	4019285	1	1
4266002	4273941	1	1
4260432	4321149	8	8
4244662	440230	5	10
4260432	4218117	8	8
4226780	4045855	5	10
4187533	4139548	2	2
4197091	4025288	2	2
4219546	4334797	2	2
4261263	4302981	3	3
4239509	4181408	4	4
4230178	37017164	5	5
4195805	37114091	3	3
4205000	4233943	2	2
4218016	37113797	7	7
4227271	4279781	1	1
4195895	4060265	3	3
4217965	4236811	2	2
4204929	4083445	3	3
4210989	4324464	6	6
4240421	37113469	9	12
4249833	4275426	9	11
4200118	4027248	4	4
4217941	4348431	2	2
4226140	4329662	1	1
4241470	4246592	3	3
4194163	4037390	10	11
4248801	37207831	3	3
4199169	3042493	3	3
4222390	4065009	6	7
4249833	4173887	5	8
4197328	45766920	6	7
4240671	4094018	6	19
4263918	4335316	4	4
4242903	37112740	7	8
4244662	37207798	2	5
4244662	4245445	6	8
4217941	4180726	4	6
4227862	4026116	5	5
4189293	44782747	5	5
4189640	4079686	5	5
4222455	4197868	5	7
4240421	4285958	7	12
4244662	45766457	3	3
4240671	4080795	7	14
4244662	4313364	4	5
4194742	4290635	6	7
4230216	4303132	7	9
4196979	4166083	4	4
4222543	4105110	4	7
4225033	4087403	3	3
4224822	4193164	2	3
4227862	4044090	5	5
4219536	37114343	8	9
4215746	36715079	4	4
4225025	4169075	6	6
4237366	37119250	6	7
4230216	4235278	5	5
4217941	4303656	6	6
4240671	37114170	9	12
4227271	4239398	3	3
4212119	4263278	6	6
4240671	37118196	7	11
4261333	4235500	1	1
4198803	4182648	2	2
4230572	4245357	2	2
4244662	45763809	5	6
4237366	4173804	5	11
4244232	4172978	3	3
4191820	35622413	2	2
4244662	36686961	6	8
4188978	4229520	6	6
4248801	4221503	4	5
4231257	4078242	2	2
4237366	4179123	9	11
4234605	4286736	4	4
4184505	4047969	1	1
4220615	4352133	7	7
4264458	37117526	8	8
4240421	4080496	7	7
4240671	4235476	8	18
4237366	4204806	9	15
4225025	4208550	8	8
4249833	4270057	5	8
4231024	4234936	1	1
4194163	4263572	5	5
4220045	4219434	1	1
4225025	4296996	6	6
4240422	4308889	2	3
4240421	4088310	5	5
4199961	37116369	2	2
4230392	4195382	3	3
4199457	4165862	6	10
4216845	4092433	7	8
4240671	4139541	7	8
4208786	4174385	4	4
4198525	4342640	4	4
4244662	74447	3	4
4225331	4141181	2	2
4249833	43020606	9	11
4240671	4059970	6	9
4224073	42872867	4	4
4244662	4150456	3	5
4197094	4049350	4	5
4230762	4329837	2	2
4211812	37113117	11	16
4249833	42872620	5	8
4241272	4092763	8	8
4254068	45765327	1	1
4195765	4251201	2	2
4244368	37118219	3	3
4213128	4197725	1	1
4233242	4007960	1	1
4240421	4268313	5	5
4212119	4146961	7	8
4188300	4137216	6	6
4240421	4281989	7	8
4249833	4203853	5	5
4222543	44783515	6	6
4219540	4353942	3	3
4212119	4014760	7	7
4186445	4017447	1	1
4241272	4158168	6	6
4216134	4277275	6	6
4188978	37016259	6	6
4213128	42536281	3	3
4265341	4298220	1	1
4217806	4112569	2	3
4233903	4243439	5	6
4184295	4076268	4	4
4195000	4324972	2	2
4244662	37110071	2	5
4198525	4316491	5	6
4195324	4005995	1	1
4218016	4233845	6	8
4237366	4132763	8	9
4211641	37018723	3	3
4211650	4322744	4	4
4245860	4297072	2	2
4190245	4190621	2	2
4218016	37115159	8	12
4237366	4290468	7	8
4217045	4039047	2	2
4222709	37114842	10	11
4225995	4116175	3	6
4253749	4149887	1	1
4237366	4284477	5	7
4239897	4116083	3	3
4216314	37019156	4	4
4214998	4304371	2	2
4221108	40487462	5	5
4211653	4017967	3	3
4184252	4129368	4	4
4188191	4093617	3	3
4206460	44809529	5	5
4200674	4062546	6	7
4249833	4248685	8	8
4219551	4072286	2	2
4216314	40480162	5	5
4237545	42535971	3	3
4250176	44808826	3	3
4194163	4173277	3	3
4237366	4195397	4	6
4236482	4092981	4	4
4230374	4242520	5	5
4184252	4199437	4	4
4218552	45763858	1	1
4243130	4148771	2	2
4242209	4033838	3	3
4211374	40488304	2	3
4241272	4276862	8	8
4260342	4335662	3	3
4249833	40485326	6	11
4201233	4339012	5	6
4211812	37117519	7	7
4266318	4266319	1	1
4188498	4283609	4	4
4240671	4186743	5	12
4222543	37118035	8	8
4244662	45757052	3	3
4260433	4185628	2	2
4240671	4084240	5	16
4241088	37115600	3	5
4260341	4014182	5	5
4262612	46272559	1	1
4260432	4103081	8	8
4266188	4016837	2	2
4244232	4042319	3	3
4237366	4159266	7	15
4250176	4299241	3	5
4241114	4020209	1	1
4219540	4353616	3	3
4218016	4075979	5	5
4197094	46270084	4	4
4260432	4261941	5	5
4238738	4038885	3	3
4213128	4172158	3	3
4219536	4110975	8	12
4249833	4138917	10	10
4232480	4056501	1	1
4215093	4201366	2	2
4217142	37117885	7	9
4198525	44783839	3	3
4240671	4149984	7	20
4240671	4089450	3	15
4189286	4139011	3	3
4240671	4100797	5	8
4221349	4322142	7	7
4237366	4152563	8	13
4250996	42687704	1	1
4237304	45772611	2	2
4198252	4314430	2	2
4214793	4078791	7	8
4225241	4107950	5	6
4225995	35632162	6	7
4239897	36712710	3	3
4217941	4230612	7	9
4202237	4209192	4	5
4200557	35621836	3	3
4250176	4177695	2	2
4249833	4053072	4	7
4239381	4152165	2	2
4249833	4259829	11	11
4222543	4314772	6	11
4219210	45978248	5	5
4250176	4017919	2	2
4195639	4328003	2	2
4237366	4084223	5	13
4223616	4234087	2	2
4222543	4094151	6	6
4200707	40479721	3	3
4265141	4270972	1	1
4240671	4107931	5	12
4198033	37113899	6	6
4197002	4049896	2	3
4221921	4006008	6	6
4249832	46270939	3	3
4200877	37113056	7	7
4241272	4087360	12	12
4234605	4196999	3	3
4201233	4219431	6	6
4241088	37113360	6	10
4247331	37395650	3	3
4246053	3017935	6	6
4219536	4329569	9	10
4225025	4079901	3	3
4198525	4130511	4	4
4231758	4098175	5	5
4262819	36715226	2	2
4220615	37115238	4	4
4213771	4185161	2	2
4201402	45773397	2	2
4264458	4276876	3	3
4230216	4140689	7	7
4228517	4069791	1	1
4236659	4119580	2	2
4186164	765414	2	2
4211812	4176031	7	8
4264657	4278919	2	2
4240671	4155708	7	7
4188978	4011873	6	6
4222543	4001037	5	7
4251030	42535387	4	4
4188288	4043522	1	1
4212119	4218864	6	6
4185207	4054609	5	6
4199457	4080721	4	5
4188177	4220456	2	2
4250176	4047034	3	4
4217941	4021843	7	9
4190759	3655721	4	4
4221109	4048930	2	2
4250176	4217693	2	2
4222543	4179861	7	9
4194776	4118458	2	2
4193694	3031997	4	4
4262608	4279709	6	6
4224073	3654459	4	4
4241088	4089570	6	7
4237366	4197687	6	18
4237366	4233863	5	7
4237366	4256244	5	6
4199457	4120156	4	10
4252534	4345714	3	3
4249997	4038837	5	5
4207302	4084971	2	2
4214793	37115347	5	6
4217551	4076799	1	1
4237366	4087684	8	14
4194607	42538382	6	9
4240421	4290519	7	9
4236781	4283007	1	1
4201944	4064529	5	8
4222543	4055764	5	9
4240421	4235181	6	6
4240671	37115703	10	10
4224209	37113006	4	4
4248551	36686117	3	3
4184298	4199843	3	3
4241272	37114829	9	9
4266188	4345590	3	3
4212586	4035786	3	3
4194163	4298435	4	6
4214793	4276114	5	7
4240470	45760966	3	3
4213310	4178929	4	4
4196395	4286435	1	1
4211812	4348583	7	7
4250490	4181143	4	5
4260342	4288860	3	3
4262608	4274732	7	7
4184252	24230	3	3
4249997	4239151	5	5
4248708	4193040	2	2
4240671	4091447	11	22
4250176	4015033	5	5
4242903	4074799	5	6
4218331	45957066	2	2
4196647	37114593	5	6
4214793	4260517	4	4
4228050	4140699	3	4
4218016	4088389	7	15
4222709	4031133	5	5
4188978	4334185	5	5
4211812	37117885	11	17
4211812	4233845	5	7
4219536	4061071	9	11
4237366	4239013	7	10
4250176	4213408	5	6
4246802	4311475	1	1
4260342	35621890	3	3
4237304	45771756	4	4
4217941	4018996	8	8
4204501	4291036	3	3
4239911	44809194	1	1
4260432	4034634	5	5
4237304	45764369	4	4
4247671	4134138	1	1
4212119	4266342	7	8
4249833	4325681	4	7
4260432	4223471	8	8
4249832	36712870	3	3
4218016	4306452	11	17
4260432	4249108	5	5
4237304	45767380	3	3
4191383	4239117	6	6
4237366	4093574	9	9
4217941	4066284	7	9
4218016	4238481	5	5
4210042	4217713	2	2
4235470	4196853	3	3
4231759	4181785	5	5
4249833	4183873	5	7
4225241	42535882	4	6
4237366	37114919	5	5
4182588	4055343	1	1
4212193	42872952	3	3
4194163	4010048	5	10
4217573	4011962	2	2
4240421	4261633	9	13
4240421	37114065	8	8
4213041	4247911	3	4
4187630	45767173	2	2
4190803	4013985	2	2
4207400	46041752	3	3
4262807	4184658	2	2
4237366	37115501	7	10
4218016	4238350	9	13
4244662	442775	4	6
4205702	45764816	2	2
4225020	4022577	3	3
4215157	4020788	4	4
4194163	45769011	12	14
4241272	4018717	7	7
4223616	4086739	3	3
4194874	4088966	11	11
4260340	4232244	2	2
4237366	3667125	6	7
4232301	4238616	5	5
4215068	4248414	2	2
4195084	4179940	1	1
4197002	4193750	4	6
4226780	4004655	5	11
4237366	4147735	7	8
4208112	440560	2	2
4251333	4112205	3	4
4240671	37114916	7	12
4189458	4019164	4	4
4240723	4127911	4	4
4185749	4100285	5	5
4265442	4016711	3	3
4201944	44807658	6	7
4240671	4288477	6	13
4260432	4212462	5	5
4260341	4186418	4	4
4253749	4005335	1	1
4213431	4339227	3	3
4198033	37119008	6	6
4239807	4221535	1	1
4189855	46270431	4	4
4265600	201885	3	3
4256625	4047868	5	5
4246493	4331462	1	1
4189286	4068570	3	4
4246807	4157320	1	1
4200204	4200210	1	1
4218016	4139456	13	15
4237366	4216381	6	11
4244662	4000979	2	3
4223312	4069027	6	6
4237366	46273980	8	13
4264448	42872960	2	2
4244662	4032858	4	4
4193464	4117717	2	3
4262608	36695636	7	7
4224209	4057984	4	5
4250176	4008281	3	4
4197328	4297304	5	6
4242536	4142649	5	5
4262608	4086653	10	18
4237365	4074935	4	7
4222543	4088443	6	11
4214191	321263	3	3
4260432	4162930	5	5
4218016	4132913	9	15
4237366	37118450	6	7
4218016	4202843	5	8
4190192	45768937	4	5
4237957	4293598	2	2
4249833	4232852	10	10
4240671	4136991	5	18
4213128	4143391	4	6
4202438	4030693	2	2
4201944	43530787	4	4
4240671	37117982	6	16
4244662	442634	4	5
4214793	4009226	6	6
4217941	4018100	7	9
4241272	4004662	7	7
4201233	4152857	4	4
4185916	4195817	5	5
4227090	4340811	1	1
4212586	4188442	3	3
4223318	45767403	3	3
4217941	4202447	5	6
4240671	4175977	6	20
4237366	4352003	7	11
4211812	4172139	6	8
4211812	4180305	4	7
4217941	4269644	7	9
4237366	4032630	4	14
4241272	4290543	6	6
4187630	762536	5	5
4185916	37108746	3	4
4249833	4034794	5	8
4240671	4080296	7	16
4198033	4278660	9	9
4237366	37113199	11	12
4237366	4196659	4	5
4216314	4103754	4	8
4246293	45957043	2	2
4239509	4047846	3	3
4231110	4098735	2	2
4243917	4044942	1	1
4218016	4067754	5	6
4194197	4268770	4	4
4185749	4267957	4	4
4188978	4221061	4	4
4240671	4294269	4	4
4260433	4013861	5	5
4205702	35613270	5	5
4260432	4226771	5	5
4230374	40491890	4	4
4237366	37114801	8	14
4237366	4012626	7	9
4216845	4110214	4	5
4188300	35622987	6	6
4199786	3661757	4	4
4219536	4088177	13	17
4213310	37395945	3	3
4218016	4200136	6	9
4216273	45768832	4	4
4240345	4123735	5	5
4242713	4275906	2	2
4240671	37117987	7	16
4237856	4287948	3	3
4202339	4313270	3	3
4218961	4048237	4	4
4239585	4237887	4	4
4260432	4196307	5	5
4220615	4182707	4	4
4237861	44805433	3	3
4250176	3025795	4	4
4213955	37114243	2	2
4188300	35624641	6	6
4247154	4160334	2	2
4240671	4089923	7	17
4201944	4041067	3	5
4237366	4195613	4	6
4198381	4057053	1	1
4241470	4299661	4	4
4222709	4140674	2	2
4240421	4087366	8	11
4214796	4068755	4	4
4241958	37112809	6	6
4249833	4016863	6	8
4256625	37110101	4	4
4201944	4098812	8	8
4215238	4327031	1	1
4221921	4326727	4	4
4204934	4019038	1	1
4198033	4040652	4	6
4222709	4164164	4	4
4218016	4074068	8	9
4260432	4015902	8	8
4213101	4329034	2	2
4220030	4029068	1	1
4240421	37115009	7	8
4200707	40485403	3	3
4265996	4123371	3	3
4223312	4209717	5	5
4240421	37113421	6	6
4211812	4088226	7	14
4201093	4034450	1	1
4196979	4236811	4	4
4212570	4258273	5	5
4249833	4132267	6	12
4201233	4080485	4	6
4188027	4250749	1	1
4237366	37303994	6	7
4182713	4197098	1	1
4217941	4230618	7	9
4252063	42529194	2	2
4211251	3667292	6	8
4194163	4170715	6	7
4184453	4010675	2	2
4194163	4122670	3	3
4219551	4227217	3	3
4236977	36714353	2	2
4216752	763194	3	3
4186394	4141320	2	2
4256634	37109965	1	1
4240723	763987	2	2
4249997	4181304	7	7
4191736	3023496	3	3
4197094	4000167	5	5
4237366	4132127	7	8
4209223	4079860	2	2
4237366	4096928	8	14
4211812	4107330	6	8
4240421	4251948	6	6
4207315	37110791	1	1
4222385	4198485	3	3
4194163	4239357	5	5
4222709	37118352	7	11
4236208	4295582	3	3
4219536	4103575	11	16
4199141	37117989	4	4
4207400	46018781	3	3
4237366	4068365	6	8
4239187	42539757	2	2
4202912	4200149	1	1
4205702	35614811	4	4
4248990	36716417	3	3
4217941	4016855	7	9
4260434	4300162	3	3
4217644	4299526	3	3
4195990	37109494	1	1
4248061	4312297	2	2
4209982	37113098	4	4
4240671	37219293	2	2
4248731	4138937	4	4
4215157	4020792	3	3
4194306	4063770	8	8
4221108	4227722	4	4
4244389	4190571	2	2
4237366	4039881	5	8
4224202	45961149	2	2
4240671	4099639	8	21
4209843	43021716	4	4
4199786	45767448	2	2
4212119	46270916	3	3
4214793	4044354	6	8
4237366	37115607	4	6
4261829	4342538	2	2
4222543	4300551	9	11
4240421	4041075	4	4
4262608	37110024	7	16
4211812	4126817	6	8
4221108	4338506	3	3
4231759	4151581	3	3
4240671	4200443	7	15
4237366	37118899	7	8
4223312	4007123	2	2
4240421	44782599	11	11
4232301	37114331	8	13
4210989	42538944	4	4
4217941	4251287	7	11
4260342	4237427	5	7
4188978	4259829	7	7
4240421	4079089	4	4
4262920	44811122	1	1
4222709	4278212	1	1
4264458	37113438	11	11
4241272	4331293	7	7
4241470	4188486	2	2
4237278	37112714	3	3
4240345	4062768	4	4
4209768	46009953	3	3
4188978	4200638	6	6
4241272	4352106	6	7
4194874	4300287	4	4
4216134	4033736	6	6
4260342	4231987	5	5
4240671	4088462	5	9
4220804	3033554	1	1
4250176	40760775	3	3
4204181	4124263	3	3
4201944	4072324	4	8
4214998	4277832	3	4
4227399	4226360	1	1
4218016	37114180	7	8
4210006	35632293	4	4
4188300	36674243	7	7
4196657	36715400	1	1
4225241	4206041	5	5
4243478	42872711	3	3
4249833	4205201	8	8
4214793	4176336	5	6
4195765	4221554	2	2
4244854	4218471	5	5
4246053	4007485	2	2
4212132	45979894	1	1
4237366	37113175	8	9
4240671	37118832	5	17
4262608	36695881	6	6
4219536	37111980	6	6
4222543	4000505	7	10
4185470	439269	6	6
4237365	4215897	8	8
4240671	4277178	5	18
4237304	45758654	4	4
4240671	4286436	8	22
4237366	4241322	7	10
4198525	30753	3	3
4244662	40482662	3	3
4241272	37117498	8	8
4246053	4191130	4	4
4200135	4281989	2	2
4241272	4090292	5	5
4218016	4221221	5	7
4212570	4020033	6	6
4187096	4009794	3	3
4240723	4140353	4	4
4232337	43020882	2	2
4240671	37303972	4	18
4222543	4155162	12	17
4213431	4278077	4	7
4224209	42537637	4	5
4261870	4160254	2	2
4197120	4138449	3	3
4237366	37113325	8	10
4241272	4110086	7	7
4198033	37112977	7	8
4198525	4024849	4	4
4249833	4229976	10	10
4240671	37219077	5	16
4221349	4177662	3	3
4230622	4312104	2	2
4240421	4302163	3	3
4216314	4138684	5	5
4194163	45769189	5	5
4237366	4172006	6	9
4183859	40493250	1	1
4241921	4241764	3	3
4237366	4074651	5	6
4213101	4046104	5	5
4240421	4007605	5	5
4266654	4108645	2	2
4260432	4258989	5	5
4225020	4323710	6	8
4194964	4183840	3	3
4215093	4236589	2	2
4235906	4159073	2	2
4194163	45768649	6	11
4185547	4297642	1	1
4250176	4036222	4	4
4207942	4230317	1	1
4264571	4185653	6	6
4223312	4089577	8	8
4265442	4298834	3	3
4240671	4012635	6	15
4185207	4157452	6	7
4257686	4051607	4	4
4204035	4195596	3	3
4266660	37304017	3	3
4222543	37115389	6	7
4240421	4239246	6	6
4240671	4284636	11	23
4217045	4125392	2	2
4237365	4295891	5	5
4184252	4185350	5	6
4208050	37115253	3	3
4197965	4277845	6	6
4219536	37115355	9	12
4219536	4251628	6	10
4195765	4301245	2	2
4207503	4121852	3	3
4202812	4224009	1	1
4231758	4123249	4	4
4231906	44807531	1	1
4211812	4282995	7	9
4266188	4032944	5	5
4224822	3655851	2	3
4240421	4273395	7	8
4265442	4230781	3	3
4240421	4179358	5	7
4218016	4110932	9	15
4240671	4039889	6	9
4265706	4333140	1	1
4260432	36713825	5	5
4236623	4168067	2	2
4217941	37109606	4	8
4221921	4078922	5	5
4239897	765198	4	4
4238639	4227123	1	1
4187965	4205235	3	3
4233554	4046995	6	6
4202064	36715841	2	2
4237366	4090156	6	7
4200877	4179112	5	5
4261493	4197825	1	1
4209902	4196677	1	1
4239281	4081689	2	2
4193464	4170229	3	3
4223498	4221831	1	1
4237366	4285526	8	8
4237366	3667133	10	16
4208466	4108215	3	3
4194964	4220696	3	5
4260432	4186302	8	8
4266324	4179276	5	5
4262806	4043012	2	3
4187965	4278537	3	3
4222709	4028653	3	3
4230216	4297639	5	5
4239901	4103337	1	1
4194163	40485016	13	14
4260432	4035028	8	8
4214793	4348984	9	13
4240671	4241279	3	3
4222957	4136830	2	2
4222543	4078470	6	7
4194163	4127310	12	13
4240671	4002454	6	21
4217941	4178778	5	5
4206319	3657350	3	3
4219847	46287003	2	2
4217941	4162403	6	8
4237366	4155602	6	7
4198525	3655346	5	5
4205541	37117545	4	4
4237963	4134351	1	1
4240671	4084078	8	22
4222543	4176334	10	14
4198033	4225751	6	6
4198525	4340667	4	4
4237366	4048110	9	14
4237366	4088818	9	16
4187630	4051573	4	4
4189286	4326767	3	5
4265136	4155831	2	2
4202835	4198953	2	2
4239314	4161829	6	6
4231759	40489313	4	4
4240671	4111733	5	19
4260432	4269868	8	8
4188978	37016508	6	6
4240345	42872529	3	3
4229451	4048812	2	2
4194163	4178729	4	4
4236482	4237233	3	5
4249833	4015770	9	11
4216134	4028804	5	5
4185240	4227809	3	3
4237366	37118490	9	14
4222543	4245959	13	19
4204501	4176119	4	4
4237366	4196917	6	11
4260342	46274120	4	4
4223073	4096597	1	1
4238639	4269791	2	2
4264697	37111090	2	2
4248028	4199501	3	3
4234939	4234945	2	2
4189640	35624275	3	3
4217941	45769675	4	8
4262608	4253929	8	8
4194873	4338091	4	5
4237017	37207668	4	4
4246053	4039185	2	2
4199457	4142926	6	8
4240421	4180725	7	11
4195813	45772118	3	3
4248551	433642	2	2
4249833	4233096	9	11
4193464	37111668	2	4
4196232	4046297	1	1
4224209	4219618	3	3
4198525	40493017	5	7
4222455	42539309	6	6
4244854	4275831	5	6
4251030	3657289	3	4
4182762	4128174	2	2
4201944	4295705	2	2
4223616	4048971	2	2
4199457	4351875	4	8
4224378	45971211	1	1
4206168	4310119	2	2
4188978	4139674	7	7
4240723	4143429	3	3
4216134	4218564	6	6
4223723	37109394	2	2
4262608	37112335	8	13
4204179	4202627	3	3
4239314	37399018	3	3
4237365	37117598	4	4
4192247	4068147	3	3
4214423	45765525	3	3
4216845	4078846	7	8
4236185	4076545	2	2
4198525	4246462	5	5
4187630	37310703	2	2
4202064	432354	4	6
4250176	4193687	4	4
4227862	46272061	6	6
4201585	42538331	4	4
4248801	4307291	3	3
4237366	4090777	7	8
4194163	4125874	6	6
4193176	4178008	3	4
4200516	4091493	4	5
4240671	4265326	7	14
4246312	4134657	1	1
4212119	4179946	3	3
4211641	36684398	2	2
4208414	46234770	1	1
4217027	4010021	1	1
4237366	4143897	7	16
4240421	37111322	9	9
4185916	37109277	3	3
4213101	4086316	3	3
4239772	4237883	1	1
4241958	4092590	2	4
4244662	37110380	5	7
4249833	4017265	9	11
4221489	4222250	3	3
4222543	4114511	10	15
4257441	44808989	2	2
4193452	4164800	3	3
4260342	4188450	8	8
4220670	4218892	3	3
4197013	4051954	2	2
4230545	4034365	3	3
4237366	4089417	7	8
4240671	4264750	4	4
4228774	4300287	2	2
4250014	4080418	2	2
4256625	36686069	6	6
4197328	4205676	3	3
4240671	4091858	8	18
4241439	37309991	1	1
4266213	4288668	1	1
4261018	36695953	2	2
4260432	4017835	8	8
4209768	46049380	3	3
4213101	36716984	6	6
4249833	4034197	6	7
4237304	45772168	2	2
4258677	4016523	3	3
4260432	36717061	5	5
4198033	4120826	8	8
4249833	40485393	6	11
4237366	4286256	8	16
4207400	45978290	2	2
4263335	44783536	1	1
4249833	4205882	9	11
4219236	4185055	1	1
4250176	44808576	3	3
4213310	37116958	4	5
4240421	4059435	5	6
4195660	37118232	4	4
4214980	40492887	3	3
4219902	37112796	6	8
4266670	4064645	1	1
4201195	4205041	1	1
4186164	4089767	4	5
4253936	4230654	1	1
4194163	4063934	5	5
4219536	4179407	11	11
4235414	4167206	2	2
4262608	4232726	8	8
4234605	4008762	3	3
4240421	3667102	9	9
4259134	4182583	1	1
4214793	4080800	4	5
4214811	4034354	3	3
4265442	4221426	3	3
4188978	4290358	5	5
4241272	4112424	8	8
4260432	4017706	8	8
4232301	4198352	2	2
4195660	4105544	4	4
4240155	4242207	1	1
4237366	4109763	6	8
4222709	4311269	3	4
4188300	4284105	6	8
4218016	4234606	5	5
4214793	4219506	6	8
4184252	40486089	4	5
4241272	4093553	11	11
4200877	4325454	4	4
4222709	4285646	7	16
4257686	438908	3	3
4237366	4132900	5	5
4212119	37311769	7	8
4257654	37016259	2	2
4249833	4179369	7	10
4221337	4097074	3	3
4221921	4221712	4	4
4240421	4027907	5	5
4222635	4170399	1	1
4188978	4230878	6	6
4223312	4320476	6	7
4211812	4007628	3	3
4248392	4333885	5	5
4194163	46271703	12	13
4214793	4179501	9	9
4210988	4277752	7	8
4250176	44812000	3	3
4222543	4116314	12	12
4250176	4214852	5	6
4240421	4277099	6	8
4249833	4142982	4	7
4237420	4341997	3	3
4260432	4141348	5	5
4212452	4160699	2	2
4214793	4057850	6	7
4203637	4050027	2	2
4240671	4193454	5	20
4216314	4120490	4	6
4265600	439858	3	3
4231363	44782738	6	6
4188153	4264452	1	1
4249833	4068508	7	9
4240421	4272701	6	7
4260432	4348164	5	5
4210989	4171594	4	4
4251030	35622120	3	3
4219902	4218924	5	8
4240421	4080656	6	9
4240421	4140511	5	7
4219536	4091770	7	9
4249833	4105604	6	8
4223947	4183882	1	1
4188978	4201364	5	5
4257054	4052938	2	2
4203722	44801738	3	4
4240421	4309367	6	6
4222709	4089104	7	15
4240671	37111885	5	14
4244662	4244808	5	7
4212119	37204529	7	10
4240671	4193760	5	15
4237366	4195957	4	7
4240671	4264519	7	17
4231977	3655732	2	2
4217367	4282529	1	1
4233903	4243437	3	3
4262608	4280144	8	8
4188498	37118852	9	9
4185470	4133599	3	4
4204179	4046936	5	5
4264500	4276874	5	5
4186164	760497	5	6
4249833	4203236	10	10
4217941	4331640	3	3
4200877	42538403	4	4
4218016	4167324	4	4
4211812	4245959	11	17
4240421	4164803	2	2
4218016	35632396	12	12
4231759	4222325	4	4
4241272	4331433	7	9
4226780	4170363	6	9
4240421	4075413	7	7
4249833	42537854	6	6
4230487	4217363	5	5
4260432	37311342	5	6
4211332	4211503	1	1
4205702	35613764	5	5
4214793	4089096	5	7
4198033	36695940	6	6
4201585	4171702	4	4
4209687	4209701	1	1
4244662	36714671	5	6
4260432	4018677	8	8
4205702	35613154	5	5
4196642	37113456	6	6
4194163	4318963	5	5
4216134	4146576	6	6
4253817	4264177	1	1
4185207	4317009	4	5
4213583	4191226	1	1
4214793	4076393	5	9
4214793	4077538	7	9
4200669	45770625	2	2
4260399	3052834	2	2
4240345	4070986	4	4
4250176	4213556	5	6
4261263	4309742	3	3
4217941	4016597	7	9
4252107	4217615	2	2
4208466	35615103	3	4
4219240	4067322	2	2
4226228	4196094	3	3
4212119	45766614	7	9
4223732	4212648	1	1
4240345	4177837	5	6
4240421	4200716	5	5
4190693	3657234	2	2
4241088	4062662	6	6
4213101	4144903	3	7
4237366	4236683	5	9
4194874	4008457	7	9
4265994	4116956	2	2
4202517	4069623	2	2
4196846	4199029	1	1
4249833	4336084	4	9
4249833	4189329	6	7
4260432	3657156	6	8
4213101	374021	5	6
4214793	4180322	3	3
4219895	4150496	2	2
4221108	4170893	3	3
4260434	4185626	1	1
4213041	4000911	3	3
4209768	36706533	3	3
4195660	4225423	4	4
4240421	4331900	5	11
4214793	4075095	7	10
4232364	4032321	2	2
4222731	4243668	1	1
4193319	4218126	3	3
4226282	45767612	3	3
4242903	37115236	6	6
4237366	4032720	9	9
4244662	37207752	5	6
4240421	4325587	8	8
4198420	4099191	2	2
4262229	4353398	7	7
4247357	434289	3	3
4195000	4019885	3	3
4231759	4284544	5	6
4240421	4193052	5	11
4221108	4229442	8	8
4211812	4075094	7	10
4201944	44808979	4	7
4262807	4099763	3	3
4194163	4273858	14	15
4217142	4027247	7	8
4240421	37114378	6	6
4211641	4329391	5	5
4220615	37113933	7	7
4244662	40481450	4	5
4210263	35624517	3	3
4222709	4105928	5	5
4233095	4074964	2	2
4223312	4004189	2	2
4240421	4321246	7	7
4237856	4090176	3	3
4260432	4286798	8	8
4190936	4046388	5	5
4249833	45767537	8	8
4260433	4161910	4	4
4239610	4324890	3	3
4207400	45978286	2	2
4265442	4277577	3	3
4195791	36674212	3	3
4240671	37110809	4	4
4240671	4171169	9	23
4192247	4146028	5	5
4262608	4308736	5	6
4246053	4014748	5	5
4223312	4004196	2	2
4236011	3655321	1	1
4265442	4228171	3	3
4237304	45762832	4	4
4227862	46272361	5	5
4260432	4023387	8	8
4240671	4295141	5	11
4225241	37112286	7	8
4185607	4124841	4	4
4240671	4236952	6	11
4185916	4083237	3	4
4187630	44789649	4	4
4260432	4201827	5	5
4183948	4236947	5	5
4197965	37109571	7	8
4194163	4009425	5	10
4264033	4223518	2	2
4199395	4119939	2	2
4194163	4302981	13	16
4238738	4126485	3	3
4222543	4111759	9	13
4242903	4177513	4	6
4216845	4264735	7	9
4237304	45761234	3	3
4194163	45769623	6	6
4237366	4004655	7	15
4190307	4100108	3	3
4226780	42538429	7	10
4237366	4174370	9	14
4198525	45768874	5	7
4240421	4087692	5	7
4190397	4109177	3	3
4207810	4037673	1	1
4250163	37109306	2	2
4240421	4116042	5	5
4217941	45768542	7	9
4244662	42535164	4	4
4262284	4081812	1	1
4205407	36715201	3	3
4240671	4193044	11	22
4237366	37117380	7	10
4201720	3662145	2	2
4225025	4207069	6	6
4225241	4284126	5	6
4240421	45769429	5	7
4197225	37113301	5	5
4240671	4089116	5	19
4249833	4223332	9	11
4212119	4081527	7	7
4237366	4156691	5	8
4248551	4177993	3	5
4194163	4273552	11	12
4219536	37113010	8	11
4240723	4141995	5	5
4240421	4351978	10	10
4237365	4195885	6	6
4195588	4186936	2	2
4240421	37112895	6	6
4201233	4138762	6	7
4233623	37207617	4	4
4240474	37112727	3	3
4198525	4033962	8	8
4193321	37397221	2	2
4211641	46273026	3	3
4240671	4240468	5	9
4217941	4200334	6	7
4188300	4010031	4	4
4249459	4298816	2	2
4218016	4245294	9	14
4260432	4274016	7	7
4240345	4149588	4	7
4240671	4331579	7	17
4237366	4235194	9	13
4207400	45984869	3	3
4222543	4264597	9	9
4225025	4212117	4	4
4266448	4114417	2	2
4230216	4303005	7	9
4183040	761311	4	4
4240671	4060118	8	8
4225522	4105922	3	3
4218312	4139843	2	2
4244070	4264707	1	1
4207491	37114985	1	1
4217941	4326982	7	7
4262608	37115523	4	4
4184252	4246675	4	4
4240421	37111927	6	11
4222543	4276131	7	9
4249833	4140533	9	11
4193452	4108540	2	2
4201944	4195958	3	8
4264049	4242127	3	3
4240421	4080785	8	8
4203404	4202305	2	2
4193464	760489	4	5
4221921	4186769	5	6
4218016	4117567	10	10
4222543	37113010	8	11
4237366	4273317	6	8
4194607	37112440	5	5
4249833	4307402	5	8
4240671	4049370	6	13
4227862	36714705	6	7
4203784	4031324	1	1
4264049	4185518	1	1
4231747	4018367	2	2
4222543	4101782	9	13
4230216	46272881	3	3
4237366	4076670	9	19
4217573	4035576	4	4
4237854	4118538	4	4
4223312	4089694	7	8
4223312	4241854	4	4
4194163	4080107	3	3
4205552	37115642	3	3
4249833	4263974	3	5
4237365	4207546	6	6
4240421	4177415	5	8
4200872	4068083	3	3
4198525	44783397	5	6
4195655	4310820	3	3
4266660	4024353	6	6
4183514	4284705	2	2
4244662	36687051	3	3
4214980	4206184	1	1
4225020	4288883	4	6
4247331	45766129	3	3
4212886	4098736	2	3
4223312	37112096	9	12
4237304	37399094	2	2
4240671	37111819	5	5
4207661	4076855	3	3
4249997	4201118	7	7
4230216	4309718	7	9
4216379	4081805	2	2
4199457	4136343	4	5
4221211	3667145	1	1
4259140	37018907	1	1
4255164	3033193	1	1
4242903	4050579	3	3
4249833	4204283	5	7
4185643	4281998	1	1
4237366	37118423	8	14
4229415	4021681	3	3
4262608	37119130	6	6
4262608	4277993	7	7
4265406	4089611	3	3
4237366	37114134	11	17
4193176	4001283	4	6
4214091	4049832	2	3
4240671	4264486	7	16
4241837	44813867	1	1
4265442	4224441	2	2
4236185	4076956	3	3
4240671	4224353	5	6
4196732	4056918	2	2
4190069	4190294	1	1
4222543	37115459	5	6
4234605	4223105	2	2
4260432	4221842	8	8
4223477	4290745	1	1
4194163	4307901	13	16
4188300	4254391	5	5
4261263	4307611	3	3
4190307	4302798	4	5
4219536	37113534	9	9
4260432	4201912	8	8
4237366	4141319	7	7
4203722	3661640	2	2
4201233	4022409	6	7
4262608	4349116	8	12
4221930	4058575	2	2
4230216	4025464	8	8
4221189	765065	2	2
4240671	36695761	6	13
4240671	4208703	7	12
4240421	37112010	5	6
4218016	36714418	6	8
4236706	4226966	3	3
4218317	4331234	4	4
4241272	4352377	7	7
4217941	4147513	7	9
4244662	40492264	4	6
4237366	4074067	10	12
4240671	4087692	4	16
4240421	4187223	4	4
4212119	4181016	6	7
4214793	4232377	5	6
4195968	4021654	3	3
4240671	4092589	5	9
4237366	37219217	5	12
4249833	4016415	9	11
4237304	4106958	1	1
4192247	4250788	5	5
4209768	45978399	3	3
4211812	4281607	6	9
4188300	4058479	6	6
4221189	4115838	2	2
4240671	4174756	6	10
4260342	4015387	3	3
4244854	4274571	4	4
4242536	35632409	4	4
4219536	4090138	11	16
4246191	4087347	6	6
4240671	37119278	6	7
4250176	3029731	4	4
4221813	44800033	4	4
4226780	4277020	6	11
4260432	4205222	5	5
4240671	4116128	6	11
4249832	4018996	3	3
4197094	4084386	5	6
4244868	4196486	1	1
4240520	37118441	5	5
4244662	37110377	3	3
4246053	4262176	3	3
4197328	4343928	3	3
4249833	4197261	9	11
4190307	4322568	5	5
4186164	760465	7	9
4217941	4334314	6	6
4236218	45771800	5	5
4240671	4124564	6	10
4260433	4325870	4	4
4217941	4010595	7	9
4219902	4130898	6	8
4194643	4284390	1	1
4183408	4281096	2	2
4185749	4102433	6	6
4240671	37118234	3	3
4221921	4066239	5	5
4237366	37112724	7	8
4230392	4123122	2	2
4264049	4176114	4	4
4217941	4291468	7	8
4262806	4141612	1	1
4237304	46273009	3	3
4240671	4197061	5	11
4185749	4179844	4	4
4198988	4245858	1	1
4239897	4239886	2	2
4213507	4015761	3	3
4195471	45957031	2	2
4217941	4230858	5	6
4222767	4192121	4	4
4194874	4157868	4	8
4197094	36717497	5	5
4249833	36684221	9	12
4219536	4093870	8	13
4237366	37114323	11	11
4240671	37118217	8	14
4240421	4128270	5	5
4205702	45764906	5	5
4202658	37219263	3	4
4245042	4128210	4	4
4222543	4074070	7	8
4240421	37112633	5	6
4225241	4165389	6	6
4197002	37303845	7	8
4222709	37219124	6	11
4218016	4290548	9	13
4207400	4223730	1	1
4244854	4152941	3	3
4241470	4281993	2	2
4265600	4143871	2	2
4226365	4205732	4	4
4240671	4238164	7	19
4220035	4016978	1	1
4188066	4269043	2	2
4234752	4197827	4	5
4241272	4284461	9	10
4237366	4109902	10	16
4262608	4193297	7	9
4237366	37112043	6	12
4187630	43021743	3	3
4222767	4030105	5	5
4264500	4093568	6	8
4186923	35632134	3	3
4185749	44809365	7	7
4225586	46280547	4	4
4250176	44807441	3	3
4236898	4236248	3	3
4237380	37112190	2	2
4244662	72421	4	4
4222709	37113098	8	10
4240421	4084908	4	4
4249833	4140029	5	10
4252398	4167187	1	1
4205695	46270300	2	2
4198033	4124563	7	7
4244662	3657427	2	2
4217941	4016307	7	9
4237366	37115108	8	14
4219902	4027363	3	3
4218016	4108478	6	8
4218016	4087524	8	10
4194163	4234054	11	12
4237366	4089120	7	10
4237366	4237086	9	17
4224306	4322449	1	1
4216752	36713616	3	3
4188066	40483205	1	1
4249833	40493260	5	10
4198525	4163987	3	5
4204202	4335601	1	1
4214793	4235756	4	6
4264458	42537229	3	3
4240671	4012567	4	10
4212328	193418	4	4
4260432	4199844	5	5
4265600	434400	4	4
4194163	4135826	4	4
4214793	4091770	5	7
4250176	3026437	5	5
4188078	4027720	1	1
4244662	37309677	5	6
4237366	4077536	7	10
4210006	37115130	5	5
4215157	4018902	3	3
4224015	45978261	2	2
4230216	4044269	7	7
4207185	4051481	1	1
4211802	4349119	7	9
4226228	4045170	3	3
4237366	4238599	5	8
4244662	44804708	7	8
4229909	4048181	3	3
4222543	4061071	7	11
4195471	4133395	1	1
4188978	37109592	6	6
4231758	4071142	2	2
4237366	37303895	7	8
4218016	3667133	13	18
4187369	3654306	2	2
4241958	4171762	5	8
4217941	4348432	7	8
4240421	4212362	5	7
4263051	4123913	2	2
4260432	4199050	5	5
4240671	4159449	4	5
4185782	42872913	5	6
4249833	4201220	4	7
4211650	42535767	4	4
4208786	42535141	3	3
4219902	4247787	6	8
4216752	4082732	2	2
4185643	35615046	3	3
4199417	4168065	2	2
4249833	46271019	4	10
4219902	4128432	9	10
4194163	4246324	14	15
4234082	4182594	2	2
4241273	37304163	5	6
4264849	4090644	3	3
4238323	37204546	2	2
4203632	4228575	1	1
4222543	37112840	9	14
4222543	4138963	10	12
4213431	4297287	3	5
4185207	36715620	4	4
4241272	46270637	12	14
4240470	45760705	3	3
4237366	4146217	5	9
4218107	4157473	3	5
4188665	4222740	2	2
4264477	4068873	2	2
4237366	37115139	7	8
4205000	4197343	3	3
4260432	46271231	5	5
4217941	4149409	7	9
4237366	37304120	7	13
4209224	434459	2	2
4265994	4200505	3	3
4240421	4173884	3	3
4240421	4008596	7	8
4237366	4241266	10	10
4249833	4144159	9	9
4215157	4036675	5	5
4240421	4083935	5	6
4222543	4080114	11	15
4197655	4176184	3	3
4249833	4274482	5	8
4230216	4307890	7	9
4197328	4178395	4	5
4237366	37018301	7	11
4249997	4201602	4	4
4193783	3017170	3	3
4243478	44808438	4	4
4220672	4334794	2	2
4240421	4296589	6	6
4230392	4243794	3	3
4193988	4080341	2	3
4216876	37118721	2	2
4200118	4093596	4	4
4208814	4334113	2	2
4240671	4348721	9	16
4265996	4127514	3	3
4209224	4128203	5	5
4265266	4105546	1	1
4193464	37310147	5	5
4187533	4170280	3	3
4244662	4079737	3	5
4232301	4285047	5	5
4190397	36680576	1	1
4240345	4102089	4	4
4237366	4001330	6	15
4195917	42535571	5	5
4237366	40511357	2	2
4260341	4039261	4	4
4201842	4072605	1	1
4198033	4194364	7	9
4202064	4236726	3	3
4242536	37396976	7	9
4222709	4076410	7	9
4213092	4235963	2	2
4249833	4016003	3	9
4223252	42532969	5	5
4240671	4075093	6	16
4250176	4013368	3	3
4201944	4273680	4	4
4220218	37396920	3	3
4241272	4110213	7	7
4237366	4112311	7	10
4237366	3667099	7	14
4240671	4222893	10	19
4249997	4198353	5	5
4190936	4048978	3	3
4213436	4144560	1	1
4216831	4133504	1	1
4237366	4136864	6	11
4202237	4172312	3	3
4217941	4143120	4	7
4230216	4299446	1	1
4185749	4181242	5	5
4247357	4173801	3	3
4194964	4023416	3	3
4237366	4100513	7	13
4190630	4336469	2	2
4260432	4313865	8	8
4225025	4166698	5	5
4233861	37114334	2	2
4219902	4073889	5	7
4240421	4202843	3	3
4198525	439058	5	6
4186405	35623631	5	5
4194253	37395280	4	4
4219536	4302003	10	15
4250176	3027774	5	5
4240671	4225256	6	18
4252534	4294404	3	3
4237366	4150121	8	10
4201944	4163704	6	6
4240421	4237264	7	7
4256761	4051833	3	3
4237366	4125209	9	9
4219536	4080115	10	14
4249833	4034125	6	8
4194964	4107100	3	3
4260432	4172337	5	5
4244854	4306307	5	5
4194163	4237020	2	3
4185643	4245793	1	1
4202658	37219246	4	4
4244854	4093907	2	2
4189601	4067371	2	2
4207081	4195888	1	1
4265994	4123762	4	5
4265141	42690260	3	3
4218016	4200115	10	16
4241272	4182724	8	8
4200877	37113051	7	7
4227862	36717785	6	6
4233388	4171514	2	2
4196582	4244096	4	4
4213128	44782528	2	6
4237366	37115734	4	5
4250490	4273847	5	8
4218016	4027518	6	7
4205000	4274488	2	2
4209855	4207041	3	3
4266612	44803298	4	4
4214793	4179406	13	13
4244662	46271800	5	10
4194163	45773044	6	6
4262736	4262738	1	1
4222709	37112993	2	2
4198381	438796	4	4
4240671	4328518	5	14
4240671	4089787	5	12
4222709	4279064	6	8
4237366	4136392	9	14
4241272	42538077	9	9
4190192	3656142	4	4
4231758	4122113	6	6
4249833	4195870	2	2
4199457	4284775	3	8
4196979	37117945	4	4
4200277	36695634	3	3
4218889	4143510	1	1
4240421	4137096	10	10
4240421	4145689	4	4
4260432	4161511	4	4
4229415	4214087	2	2
4234366	4251437	1	1
4219902	36715147	4	7
4226780	37219267	7	12
4222543	4110969	5	5
4239897	4239724	1	1
4237366	4259403	9	15
4237366	4232216	6	7
4200674	4007609	5	5
4202237	4090307	4	4
4260432	4143403	3	3
4185607	40479606	3	4
4250176	4007316	3	5
4198033	4231582	5	10
4195076	4123900	3	3
4185758	760255	3	3
4198525	255192	4	7
4222767	4340931	7	7
4262608	4068365	5	6
4237366	4179698	5	6
4219871	3662178	5	6
4244368	37112140	3	3
4265442	4183388	3	3
4230374	4234972	4	4
4213510	44802180	1	1
4230709	4102574	2	2
4209768	46014796	4	4
4220699	4193687	1	1
4240671	4133965	6	19
4222709	4087348	6	15
4240671	35632398	6	12
4195000	4176259	2	2
4250176	3028671	2	2
4215779	4022026	3	4
4240671	4250040	6	11
4212452	4188036	2	2
4250176	3014300	4	5
4217941	4219465	7	9
4241833	4239251	1	1
4219536	4227436	8	10
4222093	4181902	3	3
4188615	44783112	1	1
4237366	4176024	7	10
4188300	45763560	6	6
4184453	4194666	2	2
4237365	4059509	3	6
4260432	35623101	5	5
4217941	4160304	6	8
4189293	4322565	4	4
4222709	4236360	4	4
4231758	4302823	3	3
4194444	37219197	3	3
4212886	4085596	4	4
4240421	37112255	8	8
4222709	4139975	3	3
4204158	4125691	3	3
4197094	76022	7	9
4218016	37114505	8	8
4240421	4233841	3	3
4218016	4237503	9	15
4240671	4308607	5	13
4265442	4018652	3	3
4246053	4189063	4	4
4184252	4144588	5	5
4246696	4057474	1	1
4204705	4296156	1	1
4249833	4204442	8	8
4218107	4238676	4	7
4221921	4198982	6	6
4242903	4264468	2	2
4217941	4146198	7	9
4247597	3657865	3	3
4190192	315399	2	2
4264477	42535279	4	4
4240671	37114423	5	6
4237366	4103717	10	15
4233242	4007815	1	1
4239905	4353973	3	3
4202375	4348838	1	1
4265442	4017135	3	3
4240671	37118405	4	4
4237365	4175454	4	8
4194163	4010034	4	4
4237366	4091850	8	11
4220836	4195638	2	2
4237366	4274157	4	7
4221921	4049301	5	5
4186164	4182647	1	1
4248801	42538554	3	3
4219536	4264590	6	10
4225025	4151273	7	7
4206788	46286443	3	3
4203442	4123258	3	3
4260432	4162888	6	6
4266440	4115640	3	3
4212328	434595	4	4
4260432	4201516	5	5
4241530	4239722	1	1
4249459	4142643	3	3
4213128	4341514	6	6
4249833	4327400	5	10
4221921	4151049	5	6
4221921	4251197	4	4
4240671	4069973	5	13
4250176	4015455	3	4
4226780	4232001	5	8
4238455	4264244	1	1
4208805	4142785	1	1
4214730	4337589	2	2
4229243	4024949	1	1
4203551	4335045	4	4
4222543	4138437	9	15
4211653	4325680	2	2
4237366	4301915	3	9
4240671	37019081	3	13
4221349	4011213	7	7
4223252	45974085	3	3
4240671	4154329	7	16
4206765	37110972	2	2
4189459	4223992	2	2
4219536	4109932	5	5
4222709	4089578	6	12
4201893	4216082	2	2
4221349	4336992	8	8
4219902	4141381	6	9
4188300	42537981	5	5
4194253	4034174	2	2
4194874	4215091	5	5
4217806	4195937	5	6
4193929	4091104	2	2
4187630	42536224	5	5
4194163	4177220	14	15
4237366	37111298	4	4
4211812	4150747	6	6
4237366	4219254	8	11
4194163	45768627	6	11
4194874	4093731	5	5
4191381	37219082	4	12
4202517	4312855	1	1
4205702	35612703	5	5
4199457	4197061	5	6
4232301	37118446	6	8
4197328	437943	4	4
4250176	3009258	4	4
4233386	40488485	1	1
4197965	4306619	5	7
4185551	4278007	3	3
4216134	4023737	3	3
4214560	44814159	1	1
4235137	4236016	3	3
4219975	4304982	2	2
4222390	4149283	3	5
4237366	37114816	9	10
4240671	4032649	5	5
4222767	4067204	3	3
4244662	4182202	4	7
4222709	4001046	7	7
4230216	4122128	3	3
4244662	760025	6	10
4241272	4089103	9	12
4222709	4078598	6	7
4187362	4195708	2	4
4263558	4216777	1	1
4217941	4247545	7	9
4225995	4087568	3	4
4249833	37111508	3	8
4225025	4069751	7	7
4230216	4308969	7	9
4207400	46028421	2	2
4195765	4269708	2	2
4237366	4281929	8	20
4229909	4214726	1	1
4203854	4229362	1	1
4241018	4314588	1	1
4240671	4127147	7	17
4215634	4238947	5	5
4197965	4027248	6	6
4220176	4238167	4	4
4240421	4098873	5	5
4194163	35608105	5	5
4219433	4102156	3	3
4232301	4285529	2	2
4214793	4234235	6	11
4203637	4281458	3	3
4187689	4228839	2	2
4240671	4230794	5	5
4266297	4108194	1	1
4250176	42529189	2	2
4202517	4119749	1	1
4220695	4013157	2	2
4225995	4179698	1	1
4213128	44783647	3	3
4217142	37304198	5	6
4223312	4296739	8	9
4214793	37115146	5	6
4213306	35609347	1	1
4238720	4065942	4	4
4241272	4284121	4	4
4188978	4236408	6	6
4208083	4085413	2	2
4265527	4145209	3	3
4205695	4045768	4	6
4208786	4115692	4	4
4237366	37118246	6	7
4225241	4070764	5	5
4221921	4135844	5	5
4240671	4327053	6	19
4189640	45765770	6	6
4184231	4021534	1	1
4241268	37119118	4	4
4253749	37112887	2	2
4213101	4018203	5	8
4250176	3036670	1	1
4240671	4181439	4	10
4184295	37112913	5	5
4240671	4215871	4	4
4212119	45771357	7	8
4201530	4075556	2	2
4240671	4112717	4	10
4210988	4302121	3	3
4240671	37115183	7	19
4237366	37113496	10	11
4193463	4034089	3	3
4249833	4161926	8	8
4194163	4268478	3	4
4265446	37018930	4	4
4222709	4223398	8	8
4203637	4275974	3	3
4201402	77025	2	2
4230216	4181624	7	7
4249833	4052881	8	10
4209768	46028488	3	3
4240421	4060651	6	9
4208663	4119590	3	3
4209768	45978410	4	4
4232620	4263890	3	3
4234594	37114373	1	1
4237366	4184744	8	15
4203095	4094015	1	1
4241958	4081804	8	9
4240421	4223501	4	4
4240671	37118357	7	14
4237366	4225498	7	10
4260432	4232381	4	4
4214793	4237500	7	11
4237366	4091402	8	14
4199457	4348849	3	7
4219536	4111733	9	15
4225241	4284623	4	5
4241088	4002716	3	3
4240671	4076380	9	23
4194163	4028146	6	12
4223925	4103290	4	4
4225020	35632179	4	5
4215139	44808178	2	2
4209437	3657043	3	3
4188300	4093902	6	6
4249833	4204607	4	7
4266660	4301001	5	5
4234605	4111560	4	4
4222543	37303850	4	4
4260432	4172828	5	5
4237366	37118075	10	18
4240421	37112200	5	5
4185916	42535387	5	5
4183407	4250507	2	2
4199457	4305816	10	10
4240421	4056643	8	8
4260520	4087164	1	1
4206562	4213631	3	3
4184252	4240043	5	6
4194588	4335540	1	1
4224205	45966100	1	1
4217796	4082141	5	5
4194163	4133727	13	14
4188978	4146295	6	6
4230990	45759118	2	2
4189849	4189859	2	2
4194163	4248151	5	7
4234104	4300796	2	2
4249833	4206165	9	11
4212586	4145284	4	4
4230216	35622105	8	9
4188978	4229973	6	6
4210989	46273868	4	6
4218016	4305339	9	14
4217941	4034636	6	6
4197002	4290464	1	1
4204501	4036432	3	3
4199141	37114806	4	4
4237366	4284126	6	9
4222543	37396920	8	15
4240345	4098814	5	5
4249833	4139356	10	10
4202237	37119250	3	3
4262229	44784076	3	6
4198525	4089520	3	6
4240421	4093725	8	8
4238689	4035157	1	1
4240671	4284772	7	16
4206168	4267885	2	2
4208466	3655221	4	4
4248551	4057037	2	2
4240671	4132798	3	4
4211812	4327034	6	8
4194163	4122035	4	6
4217573	4154608	3	3
4240421	37119035	5	6
4237366	4090785	6	6
4212450	4197356	3	3
4240671	4280007	4	14
4240421	4234149	9	9
4219536	4159444	10	14
4194163	4024800	14	15
4213041	507197	6	6
4249997	4286188	5	5
4223012	4280050	4	4
4240671	4281771	10	21
4230204	4274813	1	1
4240421	4107962	5	5
4242536	4205270	5	6
4258677	4013266	2	2
4237366	4008932	7	8
4213041	4180425	4	4
4216316	42538806	2	3
4237366	4186936	7	13
4207184	42534820	5	5
4257686	37310005	5	5
4199786	42536982	4	4
4237366	4048119	6	8
4195299	4236921	1	1
4188300	4096018	8	8
4237854	4115658	4	4
4185128	4105057	2	2
4248392	4080771	5	5
4184252	35608081	5	6
4228050	42537350	3	4
4187630	44807970	3	5
4190345	765186	2	2
4187965	42709775	2	2
4206788	4297657	3	4
4217941	4348033	4	6
4194607	4137206	7	9
4244397	42535640	2	2
4244662	4009452	7	11
4184252	4034971	4	4
4191383	4310820	3	3
4197094	4094324	4	4
4237366	4329046	8	12
4185749	4239603	2	2
4240671	4200272	5	12
4230216	4161280	7	9
4240671	4197672	7	18
4212886	37204312	4	4
4195655	4314690	3	4
4241272	4008914	7	8
4242903	36716843	3	3
4240671	37113283	6	13
4249833	45769794	5	10
4193875	4300210	3	3
4210988	4213871	6	7
4237366	37115390	7	14
4244662	4069943	2	2
4219536	4140365	6	6
4240671	4349926	9	22
4240671	4078200	5	12
4249833	4107888	3	4
4223674	37118230	1	1
4189886	4304782	1	1
4213431	4120660	4	4
4205702	35612792	5	5
4204191	40487359	3	3
4240671	4091859	4	17
4237366	4074002	6	10
4200877	37114221	1	1
4204796	4224184	2	2
4240671	37113802	8	20
4230216	4310738	7	9
4234593	4105100	2	2
4218016	37304074	5	5
4222543	4075247	4	4
4201944	4147219	3	5
4256491	4335805	2	2
4249833	4240344	3	6
4217941	4187338	5	6
4214811	46272036	3	3
4187096	4134334	2	3
4218016	4149749	9	15
4237366	37109976	7	12
4209768	4212534	1	1
4266318	4268392	1	1
4237366	4234717	5	6
4222709	4271999	7	8
4198525	44783350	4	4
4189459	141650	1	1
4213319	4215642	4	4
4219536	4175115	8	8
4240671	4158813	7	11
4212452	4332353	2	2
4194163	4216539	4	6
4199786	45761802	4	4
4216134	4142122	4	4
4240671	4037948	6	11
4249833	4239171	4	7
4244507	4114348	2	2
4261870	4156323	2	2
4253749	37118635	3	3
4212119	4048870	9	10
4249833	4018656	9	11
4260432	4149576	8	8
4198976	4170932	1	1
4237366	4078619	8	10
4193464	4003797	4	4
4222709	4311739	1	1
4230216	45766347	8	8
4240421	4331579	5	5
4266654	137721	3	3
4237366	4282763	10	13
4256761	4136452	2	2
4237366	4078391	7	12
4195655	37113296	6	6
4222767	4152145	4	4
4264477	37395730	5	5
4190803	4196969	2	2
4235570	36674359	4	4
4239590	4353725	1	1
4219871	4058060	2	3
4260432	4204442	5	5
4250176	3000397	7	7
4190192	40486031	1	1
4260432	4176262	8	8
4237366	4243058	6	10
4240671	4283604	6	11
4217941	43020866	7	9
4237366	4081655	8	10
4264477	4069240	5	5
4226402	4216091	3	3
4217806	4313612	4	4
4198803	4270575	1	1
4250490	4228805	5	5
4194964	4347420	2	2
4223312	4141252	10	12
4226228	4307958	4	4
4225241	4177339	4	4
4213093	4025666	2	2
4196958	40489293	1	1
4231759	4068662	4	4
4249997	4212363	5	5
4241088	4197285	7	9
4240671	3667143	5	17
4225464	45991182	2	2
4212328	4130838	2	2
4185916	37109173	4	4
4234244	4307958	1	1
4240421	4203002	3	9
4188978	4233031	6	6
4217941	40481100	5	6
4240421	4081855	5	9
4218016	4122245	7	8
4198828	4148121	2	2
4241272	4004832	3	3
4190759	45765542	3	4
4244070	45763875	2	2
4240671	37112520	8	18
4248731	4262696	3	3
4241272	4090932	11	11
4195813	761327	4	4
4241272	4023582	9	9
4218016	37114558	13	19
4189174	42537866	2	2
4236896	37117575	1	1
4197965	37115360	7	7
4230216	4235290	8	8
4238824	4245950	2	2
4186839	4181897	1	1
4187630	4179231	2	2
4211653	4205222	4	4
4228050	4069997	3	5
4246053	4214336	3	3
4199417	762410	3	4
4237366	4004761	8	11
4231759	4066523	2	2
4222543	4109743	5	7
4197004	4008951	4	4
4203551	36713073	2	2
4218016	37112560	6	6
4208786	75103	3	3
4234517	46271000	1	1
4222543	4263592	11	15
4237366	37219065	7	13
4214793	4056078	6	9
4187782	4251953	2	2
4202233	4145453	2	2
4240671	4159233	7	7
4239314	4232178	7	7
4197328	4198664	4	5
4246644	3657824	2	2
4240671	4004007	4	4
4198525	4242335	4	6
4208786	4015216	5	6
4265442	4120155	3	3
4232301	37112200	5	7
4264059	4177589	1	1
4223312	4008923	5	5
4198675	37116714	1	1
4211812	4155163	10	16
4209864	4230804	1	1
4211812	4111585	5	11
4236706	4226014	3	3
4232620	4072091	3	4
4237366	4177892	4	4
4183662	4181558	2	2
4246053	4214218	3	3
4194895	4085922	1	1
4216845	4281187	8	11
4216752	44789707	3	3
4201233	4021175	6	7
4240671	4182277	5	5
4215093	4186733	3	3
4202605	45770659	1	1
4194163	4048051	3	3
4212452	4258973	3	3
4194163	46271572	14	15
4231977	40491869	3	3
4262608	37303913	8	17
4240671	4280872	5	12
4240671	4201293	8	11
4260432	4230776	8	8
4211650	4184838	4	4
4222543	4173108	9	10
4237863	4216457	1	1
4217941	4013418	5	7
4222709	4271829	5	5
4209843	4124847	1	1
4240671	37117515	4	11
4256625	36686052	5	5
4240671	4122813	8	11
4210988	37115314	4	4
4239736	4089011	2	2
4237366	4089419	4	7
4215207	35624250	1	1
4249833	4139199	4	6
4193176	4161947	2	2
4241272	4165619	8	8
4260432	4200320	5	5
4237366	4275177	8	9
4219902	4278150	6	7
4241272	4088957	7	7
4241272	4159250	6	6
4194874	4321246	10	10
4249833	4244123	4	7
4204380	4216308	1	1
4244662	42535100	2	2
4207119	42872598	4	4
4195968	4258536	2	2
4222390	37113770	5	6
4237366	4214471	10	19
4240671	4082010	3	15
4249833	4064417	9	11
4194610	37016922	2	2
4199220	4203051	1	1
4233903	4092059	4	4
4198381	435859	3	3
4237366	4192845	7	14
4222709	4089097	9	15
4242536	37396956	7	9
4240671	4003999	7	18
4237365	4141724	4	4
4212586	4213115	2	2
4194874	37114844	5	5
4185758	760233	5	6
4232620	37115254	3	3
4224644	4233575	3	3
4193875	4198240	2	2
4241273	4058379	4	4
4249833	4230009	10	10
4205407	4062333	3	3
4222543	4206011	8	10
4249833	43020977	9	11
4202658	4228960	5	5
4184947	4093936	1	1
4259134	4242287	2	2
4216752	4216177	2	2
4265600	442314	5	5
4235763	4100069	4	4
4199457	4083858	5	11
4222390	4014431	4	6
4237366	37118833	6	15
4207400	45978598	3	3
4222709	4307540	6	6
4240671	4137979	7	20
4242903	4152396	5	5
4243526	4298805	1	1
4244368	37119260	5	5
4240671	4065889	6	17
4231747	4251613	2	3
4239755	4153980	4	4
4194873	4031910	3	3
4221108	4222745	4	4
4222543	4087524	7	10
4250176	4039367	3	3
4198033	4221579	4	4
4237016	45769017	2	2
4249833	40485399	6	11
4208786	4169988	3	3
4185110	4052286	1	1
4193875	4340797	3	3
4240421	4088160	8	13
4211534	4176117	1	1
4219536	37115622	7	7
4218016	4035243	6	6
4222709	37219200	4	8
4199457	4193993	7	8
4226780	4240351	5	6
4256761	4057897	4	4
4265442	4029717	3	3
4208786	42538843	5	5
4198525	194306	5	5
4240671	4076148	8	21
4249307	3001457	1	1
4185196	4093537	1	1
4200118	4235177	4	4
4239691	4272553	1	1
4217941	4012018	3	3
4213101	46273510	2	2
4217941	43020867	7	9
4258497	4174100	1	1
4240421	36714342	4	5
4237366	37112735	9	10
4212477	46270929	2	2
4189286	4228179	4	8
4195668	4086102	2	2
4222767	37115147	7	9
4194163	43020522	5	7
4185749	4353969	5	5
4219902	4177583	5	6
4222543	4162109	12	17
4213436	44811684	1	1
4249833	4328956	5	8
4242903	36695646	5	5
4212119	4197443	7	9
4194163	4121871	3	3
4194253	35622749	2	2
4237304	42537039	2	2
4221349	4297320	6	6
4226780	4222667	5	5
4237366	4108555	7	11
4266002	4123370	2	2
4249833	4016156	9	11
4240345	4099259	7	7
4226802	4201211	1	1
4240345	43531519	6	7
4237366	4261502	8	10
4189286	4307208	3	3
4212119	4028532	7	7
4260432	4218701	7	7
4266633	4220049	1	1
4231363	761411	7	7
4194964	4262433	3	3
4214793	4056539	5	6
4187965	40486727	2	2
4230216	4086809	3	3
4230216	4135898	4	4
4240421	4151065	8	8
4244662	37311955	4	8
4204651	44808838	1	1
4244662	4344373	5	6
4188300	36674956	7	7
4208786	37207772	2	2
4249833	4200491	6	7
4237366	4149489	6	15
4233718	4179112	3	3
4230216	4127306	7	7
4237366	37112919	9	17
4202064	4071203	4	4
4184217	4245703	2	2
4247666	40487157	3	3
4214793	4038584	8	11
4194552	45990367	2	2
4204180	4333893	2	2
4224373	45976966	2	2
4240345	44783710	6	7
4266188	761473	3	3
4264500	4285382	7	7
4240421	4167509	4	6
4222543	4100647	6	10
4187369	4220440	2	2
4205000	4203526	3	3
4222543	4000083	9	15
4205702	35614397	5	5
4244662	36714981	2	7
4184295	4084074	4	4
4260432	4016561	8	8
4264477	42535259	4	5
4232301	4146540	3	4
4212451	4172175	4	4
4219536	37304197	10	15
4240421	37219252	6	6
4244434	4049156	3	3
4226282	4012299	4	4
4224367	46000761	2	2
4194895	37394080	3	3
4223312	4076150	9	11
4240671	4236519	3	19
4223723	37109355	3	3
4212452	4178620	3	3
4215093	4330065	3	3
4230216	4300600	7	9
4256619	37019159	1	1
4222709	37113220	7	12
4208946	4112311	3	3
4217941	4336216	7	9
4221921	4268634	4	4
4218016	37113133	13	19
4237366	4244736	8	8
4244662	4048570	5	8
4260342	4023726	3	3
4214793	4233694	5	11
4246053	4189881	3	3
4229909	4155202	3	3
4265442	4015891	3	3
4189457	4059016	2	2
4193176	42539287	3	5
4240421	4182240	6	7
4240421	4176348	7	7
4250176	4017778	1	1
4196708	45757119	5	5
4214763	4122291	2	2
4226780	3667254	4	4
4182863	4072375	2	2
4184708	4018968	4	5
4197094	4049510	4	4
4213005	4071898	2	2
4244945	37111590	1	1
4218718	4308607	2	2
4198297	4001722	1	1
4185630	4129417	2	2
4244662	4319178	5	7
4258422	4235832	1	1
4266297	44792440	2	2
4219902	4024124	5	8
4217941	4045248	7	9
4185207	4150465	1	1
4222709	4206636	5	6
4203722	45772697	2	2
4209768	4207414	3	3
4184093	4183238	1	1
4240671	37112484	7	10
4197951	4218204	1	1
4225436	44809304	1	1
4217941	4258260	6	6
4240421	4297713	9	11
4240671	4289233	6	11
4212888	4187633	1	1
4240421	4199182	7	9
4222543	4196917	10	14
4249833	4333896	8	9
4201944	4022927	6	7
4248028	317302	2	2
4223311	4054981	1	1
4199457	4204784	4	5
4206319	4325043	1	1
4201256	4155818	1	1
4249833	40493304	10	10
4205541	4133967	4	4
4230374	4123749	3	3
4237366	37115455	7	8
4197328	4327181	2	2
4219240	46270919	3	3
4249833	4207842	9	11
4185758	4146461	3	3
4240421	4280277	5	6
4266654	4055847	3	4
4260433	4290008	3	3
4235718	4092496	2	2
4217941	4201211	6	6
4237366	4001045	9	9
4199406	4011005	3	3
4209843	3656142	3	3
4203162	4197378	1	1
4237366	4154880	5	11
4219270	4178737	1	1
4220452	4257896	1	1
4219536	36695763	7	7
4226780	42538436	7	10
4209768	46007277	3	3
4230756	4018110	1	1
4213235	4312990	1	1
4229909	4312033	4	5
4215516	4284835	1	1
4237366	4179099	6	7
4205000	4139196	2	2
4200389	4211092	1	1
4223908	4170868	2	2
4197094	4207159	4	5
4230216	4308030	7	9
4183733	36676727	1	1
4250176	4221954	5	6
4226780	4320045	4	4
4193161	36675111	3	3
4187630	44805142	3	3
4261263	4307736	3	3
4209768	46056701	3	4
4240671	37113581	5	9
4207119	4097314	1	1
4204705	4301386	1	1
4219536	37119115	6	10
4209223	4342648	3	3
4219902	4348995	4	4
4222543	37118342	6	8
4237856	4239766	2	2
4195291	3657251	3	3
4194163	4225103	3	7
4264818	4198503	2	3
4237782	4210015	2	2
4185916	4330247	5	6
4222543	4276112	8	10
4195000	4188488	3	3
4201233	4217711	2	2
4225020	37114848	5	6
4240421	37111703	4	4
4240421	4069727	7	7
4221921	4012998	5	5
4209141	4138231	1	1
4240671	4298580	6	22
4235137	37113315	5	5
4216314	4082889	5	7
4211812	37112842	9	10
4237365	4132928	7	7
4186164	4315526	4	4
4196657	37018212	3	3
4224021	45759566	2	2
4219536	4132753	8	9
4206849	4218992	1	1
4211641	46271549	4	4
4249833	4018392	3	6
4253749	37112879	4	4
4188978	4260245	6	6
4205660	4175889	2	2
4198033	37019121	7	7
4201176	4272548	2	2
4224163	4087353	2	2
4216314	4178424	8	8
4240671	4200437	8	17
4195660	4142534	6	7
4240671	4241166	7	9
4253013	36715532	1	1
4241272	4073639	7	7
4263051	4333142	3	4
4218016	4113066	7	9
4216134	4220309	4	4
4193874	443899	3	4
4218016	4086920	10	12
4222543	4072346	10	10
4261532	37112990	3	3
4185558	4237449	2	2
4240421	4306710	6	6
4237366	37113789	7	15
4208466	35615081	4	4
4217142	4288296	4	4
4194163	4117329	4	6
4202339	4285580	3	3
4218016	4314264	5	8
4217941	43020681	7	9
4237366	4249300	5	8
4240671	4000955	7	13
4211650	4137856	3	3
4188300	4141434	6	7
4194163	4304742	4	4
4222543	4133322	6	9
4239768	4311022	2	2
4249833	36684231	9	12
4262608	37303942	5	5
4217806	4138784	5	6
4249833	4228165	9	11
4217941	4228006	7	9
4246743	40487012	1	1
4204934	37310724	2	2
4210988	37112231	6	9
4209843	4108608	3	3
4241272	4155686	6	6
4237366	4232522	5	5
4230216	45768538	7	9
4240671	4308733	7	14
4240671	37117482	4	17
4231758	4124304	4	5
4209138	4083858	2	2
4201944	4042254	4	4
4198525	4316059	5	5
4241273	4012635	5	5
4221921	4183174	6	6
4237366	4321147	8	11
4237304	45758253	7	7
4187609	4187716	1	1
4211641	44791927	5	6
4209855	4308460	1	1
4262807	4268043	1	1
4219536	4006215	9	10
4189849	4238489	3	3
4218016	4128613	8	8
4225241	4234608	2	2
4185749	44807926	4	4
4182739	44783913	4	4
4199504	4033658	2	2
4204934	4104355	3	3
4260432	4174105	5	5
4230216	4300497	6	8
4234104	4299673	4	4
4240520	4083785	5	6
4217941	4135015	7	9
4217941	4016577	7	9
4214793	4277684	6	7
4199457	4286736	4	10
4223312	37112929	8	8
4260341	4322330	5	5
4193369	4074138	2	2
4187688	4048963	2	2
4249833	4202215	6	7
4220695	433883	3	4
4213431	4066885	4	4
4240345	4232579	5	5
4194941	133640	2	2
4185916	42535214	4	4
4184252	4200199	2	2
4249833	4205512	10	10
4212341	44784186	1	1
4240671	4140098	3	8
4213093	4347924	4	4
4210988	4074823	6	9
4194163	45769679	6	6
4260342	37204334	4	5
4237366	37114217	7	7
4218016	4178031	12	12
4237366	37119192	7	8
4240671	4197082	6	14
4206588	44792076	6	6
4253749	4167651	3	3
4185207	45768840	5	6
4193396	44787858	1	1
4202651	4077612	3	7
4216658	4341893	1	1
4265442	4021843	3	3
4222543	4178654	7	9
4246053	4214132	3	3
4197328	4009592	6	7
4240671	4029481	2	12
4225020	4218730	5	7
4231363	35615062	4	4
4197094	4144029	4	4
4238738	46272573	2	2
4231758	4251348	4	4
4260432	4234854	5	5
4222543	4227048	5	7
4240520	4349948	8	8
4194163	40481114	14	15
4194163	4195177	5	6
4214793	4102544	4	7
4250176	36032251	4	4
4203771	4142076	2	2
4243478	4170282	5	5
4221921	4096724	5	5
4214793	4124566	5	6
4239045	45758440	2	2
4232338	4177419	1	1
4244662	77939	3	3
4240345	37312098	7	7
4209768	35617085	3	3
4211812	4066120	8	11
4189457	4059002	2	2
4211650	4213112	4	4
4210989	761881	3	3
4208946	4241334	2	2
4185176	4102565	2	3
4230374	4068151	5	5
4216473	35622135	1	1
4240671	4090286	7	11
4240671	37114068	10	22
4249833	4013782	6	9
4231758	4123891	5	6
4203622	46273838	3	3
4198252	4215248	2	2
4208786	37110661	3	3
4216134	4182115	3	3
4257686	4058068	4	5
4199786	45765218	3	3
4222709	36695749	6	11
4223312	37117458	9	12
4240421	37113952	5	5
4212886	37110395	4	4
4266188	37309821	3	3
4197965	4045475	7	7
4222543	4034710	7	11
4240671	4159290	5	12
4240421	3667094	9	10
4185470	444465	5	6
4217941	4001253	4	6
4240723	4140502	3	3
4240671	4282093	10	22
4222709	4263917	5	5
4217210	4179302	3	3
4196647	37114744	5	5
4193649	4108913	3	3
4198525	4340664	4	4
4244662	4109177	2	2
4231758	4020329	4	4
4250176	42869914	3	3
4217941	4247607	7	9
4198525	4154442	3	3
4209768	46005984	3	3
4235137	4196859	3	3
4218016	37118035	7	7
4213041	4199895	4	5
4196958	4144197	1	1
4249833	35624502	5	11
4190307	4047473	3	3
4207185	30333	1	1
4264827	4269426	1	1
4240671	4069070	6	11
4211015	3036778	1	1
4265442	4167652	3	3
4260342	4333907	3	3
4244662	36713801	2	6
4241470	4217110	3	3
4212119	4253228	8	9
4261615	3000138	1	1
4240671	4166217	6	8
4223312	37304175	4	4
4235103	40759781	1	1
4236847	4089291	3	3
4185640	4125938	3	3
4237525	4157287	2	2
4243478	36676346	2	2
4240421	4077399	5	5
4250176	44804920	4	4
4237366	4242375	4	7
4240421	4137193	5	8
4250176	3043483	5	6
4198525	4054609	5	6
4229451	4233957	1	1
4201233	4139373	6	7
4250176	3015204	3	3
4202188	4140188	1	1
4237366	4075539	6	18
4246695	3662175	4	5
4217941	4208759	6	6
4190104	37017062	1	1
4190759	37207415	3	3
4244662	46273627	3	4
4197094	4216673	4	5
4198033	35632281	5	5
4218317	4199078	4	4
4198033	37115729	5	5
4240421	4148933	3	3
4227862	4022290	6	6
4264180	4285524	3	3
4237304	45763308	3	3
4244061	138056	1	1
4213770	37116714	2	2
4197094	4193872	9	10
4185207	40492396	3	3
4228050	4048322	3	3
4237366	4099012	8	13
4244070	4303557	2	2
4237366	4317522	11	19
4202438	4074831	1	1
4240671	37113738	8	19
4193166	37110306	3	3
4187965	40482475	3	3
4198525	4226131	4	4
4240671	36714459	4	4
4217941	36714129	4	6
4188978	4328161	5	5
4205833	37398897	1	1
4194163	35624667	14	15
4225995	4279835	6	7
4249833	4015125	10	10
4237366	4078843	8	11
4201402	4198680	2	2
4240671	37115042	8	16
4244868	4160077	2	2
4240421	4279564	7	7
4198525	4189465	5	5
4203095	36685947	2	2
4201233	4183709	7	8
4241958	4149116	5	5
4240421	35632238	3	9
4233623	37207702	3	3
4209843	40487154	5	5
4222543	4156107	12	18
4235137	4196864	4	4
4212119	45766411	6	7
4237366	4236936	8	10
4185128	4130109	4	4
4217941	4014810	3	6
4243445	37016243	1	1
4213431	4102745	4	5
4220836	4270892	2	2
4260432	43020755	7	7
4240723	4141997	5	5
4261014	40490012	4	4
4241958	4075862	3	5
4260434	4186566	3	3
4219536	4178217	6	6
4182555	40484196	2	2
4214793	4030864	3	3
4187630	4287780	2	2
4214793	4216230	4	6
4219866	4029525	1	1
4213101	37109548	2	7
4222390	4111609	3	3
4209224	4146582	2	2
4208050	4107531	4	4
4189457	3655707	3	3
4198525	4204027	4	4
4237366	4133504	9	10
4241272	4142534	10	10
4241273	4028422	3	3
4237366	4014101	7	11
4217941	4335665	5	5
4244662	42534892	4	5
4184592	4329780	4	5
4239509	37312733	3	4
4234605	4122650	4	5
4202233	4247655	1	1
4240421	4136088	6	6
4190936	4246708	4	4
4218016	4225579	11	16
4240671	4284040	6	11
4230216	4027498	8	8
4219536	4266082	7	7
4265276	4112459	1	1
4188153	4232798	1	1
4262608	4194459	8	15
4198525	44792336	5	5
4190397	35624207	2	2
4234605	4078225	3	3
4211812	4212348	3	6
4260432	3654852	7	8
4213025	37312192	1	1
4217941	4141271	7	9
4240671	4075113	6	20
4238738	4046476	3	3
4237366	4324547	5	5
4263051	4071691	5	5
4244662	37108874	3	3
4217941	4177354	7	9
4219902	4083617	5	8
4244662	35624870	6	6
4244662	36686925	3	3
4184252	4312196	6	6
4240671	4159422	4	14
4194163	4175145	14	15
4237366	37115188	7	13
4226228	4172053	3	3
4202339	4177269	4	4
4222543	4289477	9	17
4194163	46270796	13	15
4214793	4051413	6	7
4265442	4016860	3	3
4244662	35624224	2	7
4194334	4307086	2	2
4237366	4133365	7	10
4249833	4275291	9	11
4211650	4143175	3	3
4249833	4034186	6	7
4193688	4142673	1	1
4212318	4091567	4	4
4240671	4286942	4	8
4198525	4051493	4	4
4210988	4089096	5	9
4237304	46273951	4	4
4249833	4014835	9	11
4210998	37396159	1	1
4184961	4203702	2	2
4266654	4055715	2	3
4221679	4297797	2	2
4194163	4309586	13	16
4264849	46287011	3	3
4240671	4349409	8	22
4198525	4231824	4	4
4249833	4185629	8	8
4240421	4261787	5	6
4218016	4140365	5	5
4230216	4124921	4	4
4233903	4317431	4	5
4260432	4227859	8	8
4244662	4244353	4	6
4185207	4070068	1	1
4222543	37111792	10	12
4232242	4046491	3	3
4260432	4015703	8	8
4247331	45768922	2	2
4218016	4353277	7	10
4240421	4108125	7	7
4240421	4138249	3	3
4249833	4322575	3	7
4258479	4222005	1	1
4221921	4321132	5	5
4257654	4142862	2	2
4212328	4173824	5	5
4212119	4188972	6	9
4195000	4206610	2	2
4211650	4160703	5	5
4187965	42709774	1	1
4202651	4133445	5	5
4208466	4111852	3	3
4195205	3034898	1	1
4219536	4031677	7	10
4249833	4135934	9	11
4184786	4222585	1	1
4223312	4007630	4	4
4263051	4149097	4	4
4248392	4300214	6	6
4207307	4102297	2	2
4214793	4034684	4	9
4264849	46284747	3	3
4222390	4102156	5	6
4250176	3035009	4	4
4214793	4179403	7	10
4194444	4297788	1	1
4216314	4219982	3	3
4237366	4274722	6	10
4194163	4117179	3	4
4237304	45768018	2	2
4218016	4077548	8	8
4219536	4283590	7	10
4212886	4100976	1	1
4222709	4285046	3	6
4265541	4265542	1	1
4183040	761312	5	5
4237366	4197386	8	13
4214796	4280214	3	3
4260432	4200480	5	5
4237304	45764889	3	3
4240671	4348991	4	9
4240671	4136203	5	11
4200877	4111741	4	4
4194874	4318132	4	4
4214793	37117993	14	18
4266465	42689922	1	1
4237366	4139617	5	6
4249833	36674666	4	4
4211812	4172006	6	8
4237405	37118203	3	3
4245982	3039586	1	1
4217941	4016979	7	9
4205702	35613041	5	5
4228023	4220624	1	1
4184708	4198646	3	3
4219240	507166	3	3
4222543	4037949	6	6
4209890	4019014	1	1
4240421	4185855	6	6
4252581	435853	1	1
4237366	4005824	5	7
4219536	42537382	9	11
4208665	4080780	1	1
4202169	4089336	3	3
4206025	4184796	3	3
4240671	37112724	7	9
4240671	37113301	8	14
4186165	79938	2	2
4222709	42537256	3	3
4196956	4140233	2	2
4221921	4049770	5	5
4237366	4075556	6	15
4237366	37018067	8	10
4240345	4083259	3	5
4230606	4014965	2	2
4226494	4077133	2	2
4195312	4196880	1	1
4240421	4076412	6	6
4188078	4019181	1	1
4205702	35614386	5	5
4208786	37110374	3	3
4223616	4305028	4	4
4194163	4095020	4	4
4237366	4096843	5	6
4193176	762224	4	4
4246080	37110099	2	2
4226819	4231535	1	1
4189458	4014393	3	3
4222767	4039073	6	7
4222709	4091222	5	5
4198525	4122207	7	7
4248263	44783709	5	5
4266440	42690049	2	2
4264547	44811024	1	1
4222709	37118933	7	11
4225025	4244748	9	9
4187630	45763711	6	6
4211812	37113511	7	8
4246053	4045174	4	4
4219902	37112382	7	9
4240671	4095402	7	21
4249833	36684142	8	11
4194742	4233722	3	3
4225241	4172795	5	5
4236399	4236095	1	1
4218410	4027879	4	6
4240671	4253809	5	14
4189286	4231311	5	7
4243486	4247770	2	2
4260433	36713813	4	4
4207400	46041090	3	3
4222709	4285510	9	11
4257686	444383	4	5
4266213	4161566	2	2
4249833	4014665	4	10
4240671	4165369	7	11
4241394	4158928	2	4
4219536	4085717	7	7
4242272	4218040	1	1
4222709	4307573	2	2
4229614	435578	2	2
4212450	4034620	3	3
4189457	4129475	1	1
4240421	4089281	3	5
4264477	36674227	4	4
4265282	4108335	1	1
4240671	37112730	7	9
4194163	4238651	13	14
4186422	4303674	4	4
4265442	4064439	3	3
4183514	4215430	2	2
4262920	760953	3	4
4219536	4035243	7	7
4222709	4239113	7	7
4195655	4093416	2	3
4240421	4153744	6	6
4237365	4123606	7	7
4241272	4009228	8	9
4264818	4100301	2	3
4189459	4123522	4	4
4234104	4223992	2	2
4263051	4335313	5	7
4216134	4138452	4	4
4240671	4151483	5	17
4266025	44784372	1	1
4249833	4137517	5	8
4240421	37115157	5	5
4225241	37219090	6	6
4217941	37396166	7	9
4264458	4092454	9	12
4191383	4282089	5	5
4196642	4190287	3	3
4211812	37115265	6	8
4204501	4036433	3	3
4187630	44809832	4	4
4228050	4168857	3	4
4230756	4018109	1	1
4224209	4228358	6	6
4240421	4088000	5	5
4237366	4034281	5	19
4260432	36715266	7	7
4188300	4097212	7	7
4220804	3037099	3	3
4260432	4320621	8	8
4252107	4073513	3	3
4224018	46017848	1	1
4214793	4179960	4	5
4233871	4150774	1	1
4184093	4185813	1	1
4194884	37119200	5	5
4250176	3006346	2	2
4218016	4137122	4	4
4194163	46273776	5	7
4222709	4196859	5	5
4250176	44813298	5	5
4208083	4136533	2	2
4240527	37303875	4	4
4260432	4160610	7	7
4222709	4282067	8	8
4194253	37395160	4	4
4244662	765762	7	8
4212318	4277605	5	5
4222543	4108478	6	8
4211821	4077608	2	2
4237366	4282251	9	11
4260432	4066283	8	8
4223312	4081973	8	10
4240671	37113858	8	10
4218718	4009054	2	3
4199457	4126225	5	6
4249833	43020681	9	11
4216134	4242554	6	6
4234605	4111597	5	5
4220472	40479751	1	1
4224943	442519	3	3
4182722	36674741	2	2
4200877	4157851	4	4
4240421	4076682	6	6
4242209	4097256	2	2
4198525	37118757	7	8
4244662	4001632	4	4
4221330	4052877	2	2
4249833	4329927	9	9
4222767	4032321	6	7
4249833	44784191	6	7
4233903	37312490	2	2
4237366	4092139	6	13
4237366	4009512	7	9
4194876	4017528	1	1
4260432	4230757	7	7
4194163	4024801	14	15
4240671	4267412	9	20
4220836	4234054	2	2
4240671	4234733	6	8
4197094	4053592	4	5
4219902	37304125	3	6
4193321	4171575	4	4
4225241	4111130	5	6
4197328	4016807	5	6
4238455	4089606	4	4
4195765	4105758	4	4
4214793	43021126	7	7
4240671	37118295	3	3
4201944	40489881	5	6
4244662	37309731	4	4
4213101	37396074	7	7
4250176	44806171	2	2
4222543	4231876	6	8
4226780	4079078	7	11
4249997	4337890	3	3
4219902	37112303	4	6
4211650	37016515	4	4
4219536	4066959	10	10
4228780	4196869	1	1
4240671	44791600	7	13
4250176	3036406	3	3
4214793	4058910	5	6
4217142	4131310	6	6
4232242	4246708	3	3
4190693	42539500	2	2
4212193	4029670	2	2
4231759	4071542	1	1
4222543	37114558	14	20
4230374	4163833	6	6
4217941	4015254	8	8
4219536	4092924	7	12
4219536	4353397	9	11
4237366	37114980	2	2
4249833	4034334	4	7
4219536	4352501	9	12
4244368	4243781	1	1
4240421	37112096	10	13
4186437	195926	2	2
4225020	4278753	4	4
4232301	4143678	3	6
4237366	36714024	7	9
4222390	37112371	7	8
4244662	36714093	3	3
4240671	37219306	5	5
4221108	4268842	6	6
4222767	37219246	6	6
4240421	4014101	6	7
4213310	3654909	5	5
4212452	4023744	3	3
4218016	4211983	7	7
4244662	4270610	3	5
4225331	4134485	1	1
4198057	4066765	1	1
4219536	4229590	5	8
4186164	434184	4	5
4240421	4239102	7	7
4212119	4029684	7	8
4219536	4216817	6	6
4205407	4088886	3	3
4194163	4303116	13	16
4214793	4141164	9	13
4222543	4282757	7	13
4240671	4155715	7	7
4260432	4053190	8	8
4250176	44809984	6	7
4203408	4012530	3	3
4217941	4276658	7	8
4222543	37113207	11	17
4260399	3003090	2	2
4211653	4197363	3	3
4239314	37109631	2	2
4219629	46272802	1	1
4265704	45767574	1	1
4240671	4008928	6	12
4249833	4016178	9	11
4195660	4156369	3	3
4249833	4136818	9	11
4197965	4092903	5	9
4265442	4181920	3	3
4246053	4336091	2	2
4240671	37115166	5	9
4213310	4046084	4	4
4189847	4003545	2	2
4194163	4200024	3	4
4249833	4196888	6	7
4198525	4145716	5	6
4240671	4139593	6	13
4240421	4137098	9	9
4222390	4089790	5	7
4221349	4219990	3	3
4237304	37110740	2	2
4237366	4028496	7	11
4211802	4353005	6	8
4266188	4128914	4	4
4218016	4005313	8	9
4218016	37113538	7	9
4237366	4093348	7	10
4219536	4168011	6	6
4237366	4074652	5	7
4266756	40480917	3	3
4230216	4309600	8	10
4222543	37113352	7	13
4205695	4133743	3	3
4189293	35611568	2	2
4265442	4162829	1	1
4244662	4262443	3	4
4223312	4089695	3	3
4217644	4072143	3	3
4222767	36715154	4	5
4260432	4148295	8	8
4207779	4206733	1	1
4188300	4165106	4	8
4250176	4218364	4	4
4199791	4079063	1	1
4247381	4086289	1	1
4194874	4087692	6	8
4217941	4015890	7	9
4235414	4059524	2	2
4238765	4239759	1	1
4229451	4207060	1	1
4194607	37219239	5	9
4218016	4351873	8	14
4226780	4139916	3	3
4222709	4203002	5	5
4198525	4122227	4	4
4241470	4248570	4	4
4188300	4035642	6	6
4223213	4082508	1	1
4237366	37017953	6	6
4228311	4231833	1	1
4240671	4215167	3	3
4188978	4193367	7	7
4190950	4016434	1	1
4237366	4352266	7	11
4216752	4043776	3	3
4244368	37113221	5	5
4217941	4202901	8	8
4243044	4333152	3	3
4207810	4133967	3	3
4239897	37311763	2	2
4185470	198710	6	7
4197094	45757423	5	6
4214793	37113787	6	7
4240671	4279914	5	9
4240671	4175528	7	12
4219902	37113743	5	5
4246695	4013150	4	4
4219240	4070114	3	3
4249833	4228453	9	9
4218016	4112531	9	14
4237366	4077257	9	19
4210988	4037023	6	6
4199457	4241284	7	9
4256375	4329047	2	2
4212450	3655535	2	2
4240671	4153338	4	8
4203722	40483763	2	2
4227884	45758746	1	1
4225020	4049141	5	7
4191379	4301458	2	2
4217941	4052882	5	7
4248028	37395821	3	3
4215093	4197341	3	3
4207400	45978585	3	3
4218130	507182	6	6
4209224	4001176	2	2
4214793	4074492	6	7
4209768	45978455	4	4
4188978	37016575	6	6
4224822	4278506	3	3
4237304	45771222	2	2
4244662	4084292	3	5
4237366	37114570	7	7
4193174	4049243	2	2
4244662	4002989	4	4
4214793	4176024	5	6
4240421	46273092	6	6
4240671	37117547	6	6
4237366	4008911	6	9
4266626	4065548	1	1
4240422	45769333	3	3
4246191	37113430	8	8
4244232	4058514	3	3
4240671	4073789	7	12
4225464	45991122	2	2
4219536	4288282	5	5
4219536	4241282	10	16
4218317	4205917	3	3
4233623	37207537	3	3
4225020	4238629	11	11
4260623	4309600	2	2
4211812	37112183	3	3
4240671	4254682	5	15
4194253	37395207	5	5
4218410	35632397	3	3
4240671	4196040	5	12
4219536	4282706	8	9
4249833	4220317	9	11
4222543	4235803	6	7
4243145	37118697	5	5
4265442	4201593	3	3
4220615	37113943	8	8
4193176	37208262	4	5
4214793	44783546	4	4
4249833	4015662	10	10
4242903	4199131	5	8
4237366	4076952	9	13
4207500	4207501	1	1
4187630	4186416	4	4
4244232	4071895	3	3
4238914	4312621	1	1
4231864	36713199	1	1
4222543	37219056	5	5
4249997	4270774	8	8
4239605	4326660	2	2
4237366	4118633	9	9
4214793	4164889	4	8
4217941	45769771	6	6
4240421	4201335	5	5
4240671	4238616	6	14
4226780	4063394	5	8
4260432	4228010	8	8
4211812	4196677	5	9
4228050	4146614	2	3
4237366	4088865	7	13
4219871	3657961	3	3
4240422	4311165	2	4
4205702	4179808	5	5
4249833	40485354	6	11
4241272	4318132	7	7
4230216	37111089	6	6
4240421	4076128	5	7
4189457	3656029	3	3
4249437	45757066	4	4
4194163	4161046	5	6
4230216	36714721	8	9
4196657	37219084	3	7
4202233	4300635	3	5
4244662	45766917	7	13
4184961	4229199	2	2
4237304	45758487	3	3
4220650	4186770	1	1
4212119	42872922	10	10
4240671	4236902	8	19
4249833	4205943	8	8
4186164	440538	5	6
4222709	4239116	7	8
4229415	4224865	4	4
4246293	4040768	3	3
4260432	4184838	5	5
4240671	4082637	13	24
4262229	4279141	7	7
4218016	37114872	7	9
4225025	4172288	6	6
4249833	40485340	6	11
4214115	4176467	2	2
4248801	36715952	2	2
4249833	4205947	8	8
4217941	4227879	7	9
4246695	434508	4	5
4194163	46270801	13	14
4194163	46273854	13	15
4249836	4200467	2	2
4252245	4286807	2	2
4187096	760396	5	6
4219360	4329711	1	1
4240671	37115305	6	8
4218016	4159574	10	13
4216134	37018951	5	5
4185782	4028877	2	2
4249833	4018652	9	11
4249833	4291468	5	10
4197328	4219842	4	4
4221349	4302326	3	3
4265442	4014962	3	3
4249833	4013653	3	9
4211812	4309969	10	10
4194163	4143044	11	12
4196678	42537361	3	3
4250176	4234268	3	3
4261263	4304610	3	3
4233903	43020612	3	4
4196866	4286428	3	3
4240671	4207573	6	11
4194163	37396016	5	9
4241958	4074823	4	6
4195324	4165188	1	1
4198525	4025349	4	6
4238381	4217874	2	2
4198381	4031954	2	2
4201531	37209022	3	3
4241958	4081665	4	7
4248551	4062242	2	2
4240421	4043013	7	7
4225020	4088957	8	8
4195471	4033714	1	1
4219536	4037948	7	7
4248101	4069478	3	3
4237366	4146193	9	17
4240671	37110805	4	4
4250176	4304971	3	3
4264500	36695679	3	3
4260432	4223646	8	8
4202517	4249890	3	3
4211641	4346080	3	3
4221921	4172757	6	6
4241958	4075975	4	6
4222543	37114180	7	8
4256375	37111362	5	5
4240671	37114433	8	8
4194874	4179855	4	7
4240421	4042334	3	3
4249833	4304111	7	10
4237304	45758281	4	5
4225020	4275833	6	8
4209253	3025109	2	2
4212119	4216830	8	9
4236208	4129558	3	3
4190307	4221266	4	6
4222543	4281182	6	11
4198525	42535413	2	2
4240421	3667265	7	7
4222709	37219015	3	3
4237366	4309235	8	13
4217941	4017153	7	9
4193988	40487890	2	3
4194163	4185853	5	6
4220672	4328972	1	1
4189003	4141196	1	1
4237366	37113950	8	8
4249833	36712902	7	7
4237366	37118903	6	9
4260432	4230562	5	5
4244232	36683623	3	3
4244662	4189667	5	5
4209768	42532839	4	4
4189293	762029	6	6
4240671	42537539	5	9
4222709	4217163	4	4
4190936	4219717	2	2
4224610	4018239	1	1
4261870	4159195	2	2
4241272	4075700	11	13
4217941	4215438	7	9
4237366	4168189	5	6
4233554	4271517	5	5
4263514	4277030	2	2
4237366	4169117	6	8
4205702	4106992	4	4
4240421	37112891	5	5
4204934	42872504	1	1
4183948	4173083	3	3
4240421	4235613	5	6
4218016	37117439	6	9
4219536	4238003	8	14
4240421	4137792	5	5
4240671	4060970	7	17
4223312	4238710	6	6
4187965	4142079	3	3
4187965	4322445	1	1
4240671	4159235	7	7
4237366	4184615	3	3
4240421	4081514	5	9
4240421	4137979	5	10
4205407	4086751	2	2
4243478	4049734	3	3
4221813	36685639	4	4
4203637	4179107	2	2
4237782	4103105	2	2
4218016	4284460	6	9
4194306	4066574	5	8
4215093	37310460	3	3
4222543	4151701	5	8
4202566	4152220	1	1
4222543	4087567	6	6
4237366	4193048	11	16
4237366	4285974	10	19
4184252	4115253	2	2
4250176	3008691	5	5
4203551	4178549	3	3
4263092	4172678	2	2
4210988	4037408	6	6
4262920	46271048	2	2
4237366	4216544	2	2
4191383	4286575	7	7
4212452	4326976	3	3
4185635	4207909	1	1
4237963	35608178	1	1
4207654	4138600	3	3
4249833	4334024	7	7
4244368	37114755	7	7
4208814	3657971	4	7
4264500	4311962	3	3
4244556	4128949	2	2
4194607	42539324	6	8
4205695	4048960	3	5
4218016	4108127	6	7
4244662	4109051	5	7
4183408	4050673	2	2
4250176	3017961	7	7
4190192	36715093	6	6
4216134	37397185	6	6
4211641	4020669	3	3
4241272	4214364	4	4
4230216	4308825	7	9
4222709	4282241	3	3
4240671	4068756	3	10
4201944	4039896	3	3
4266668	4068884	2	2
4240421	4207059	6	7
4194657	36685053	1	1
4214793	37114740	6	9
4217941	4196320	3	4
4241272	4006628	3	3
4219536	4035189	7	8
4260342	4034353	4	4
4197091	4123183	1	1
4250176	4039534	6	6
4240671	3667222	6	9
4244232	4250487	3	3
4240671	37111623	7	11
4240671	4121564	5	5
4193988	4336392	3	3
4205407	4062322	3	3
4194874	4033530	11	11
4250176	3012384	3	5
4232301	4223634	5	8
4260827	4037674	1	1
4194163	4153906	4	4
4217941	4230768	7	9
4188978	46271020	6	6
4262160	4154841	1	1
4244368	37112846	2	2
4184252	4245197	2	4
4193176	4002970	3	3
4265442	4072336	3	3
4240345	4099387	6	6
4183948	37118863	5	5
4260432	40278766	5	5
4203101	4057274	2	2
4237366	37118512	9	12
4230216	4044266	6	6
4237366	4175877	6	9
4197094	37396763	5	5
4199431	442062	2	2
4222543	4088947	10	14
4230162	44808266	1	1
4249833	4333217	7	8
4249833	3657160	3	9
4217142	4133616	7	8
4240671	4090292	3	11
4201720	4075594	3	3
4193182	200334	3	4
4194253	37395277	5	5
4209768	46028484	4	4
4185176	4103038	2	2
4198828	4149781	3	3
4211251	4180725	6	10
4219536	37115349	7	8
4219546	4202433	3	3
4211112	4307240	2	2
4218016	4074823	6	6
4230374	4346066	2	2
4237366	4283173	6	9
4204501	4036451	2	2
4219536	4237108	6	6
4261829	4072287	1	1
4230178	4015149	3	3
4222709	4118434	3	3
4211812	4100779	9	12
4194306	37113174	9	9
4185470	433161	6	7
4205000	4010585	2	2
4217941	4329910	3	3
4202488	4203892	1	1
4225995	4052085	5	6
4249833	4019904	2	6
4194163	4125248	12	13
4221921	4263597	4	4
4182555	760270	3	3
4240421	4298505	9	11
4237366	4075103	12	14
4211001	4164920	2	2
4222543	4236385	8	10
4260432	4198236	8	8
4240671	4004667	5	17
4221108	4286178	4	4
4188300	4170735	6	6
4240671	37110811	4	4
4240345	4234812	5	8
4240421	37112939	8	8
4231173	4175875	1	1
4194163	4244410	6	6
4227862	4044609	5	5
4217941	4233084	7	9
4217706	4199213	3	3
4240421	4088151	7	7
4220699	3003279	2	2
4188498	4057716	2	2
4219536	37111956	6	6
4239314	4121283	3	3
4240671	35632402	5	7
4211653	4232389	3	3
4218016	4178342	8	9
4198033	4079141	6	7
4257441	4085182	5	6
4209843	43021431	6	6
4193369	35624540	4	4
4194163	46272879	5	5
4199141	4077542	3	3
4246053	4044818	3	3
4240671	4013668	5	16
4237366	36715391	8	20
4246053	4302236	3	3
4251333	4024124	3	4
4237304	45772362	3	3
4187096	437130	4	4
4199457	4322066	4	5
4240527	44783497	5	5
4188300	4187936	6	6
4240421	4352385	6	7
4260432	4234192	9	9
4249833	46271021	6	7
4224209	4086072	3	3
4241088	4089117	7	7
4194874	4089798	5	5
4197656	4314605	4	4
4241272	4057840	8	9
4230762	4224474	1	1
4222543	37396951	10	16
4216134	3654774	7	7
4226780	4263061	4	4
4190192	40487009	5	6
4184632	4353137	1	1
4214793	4012641	5	6
4189640	4228286	3	3
4230216	45769007	7	8
4206462	4048244	5	5
4222543	37396958	10	17
4195000	4266365	3	3
4241273	4126127	5	5
4260433	4146441	1	1
4204801	4237715	1	1
4248263	4244872	6	6
4244662	37018912	5	7
4237366	4110079	9	12
4238674	37109259	1	1
4227862	46272308	5	5
4203278	4185231	1	1
4254479	764324	1	1
4226780	4281609	7	10
4187877	4323061	2	2
4223723	763596	2	2
4240421	4262969	4	4
4204929	44789285	3	3
4195660	4076913	4	4
4243044	4068550	2	2
4221921	4135722	6	6
4187815	44804909	2	2
4207216	36695844	3	3
4233903	760895	2	2
4240421	4179120	6	7
4234358	4013645	1	1
4204501	4146697	2	2
4218016	4303064	8	13
4241272	4057575	8	8
4237366	4081855	10	14
4188978	4235055	6	6
4198424	4233539	1	1
4240671	4267873	7	13
4240462	35622792	2	2
4212089	3655651	1	1
4197002	4314128	5	6
4260432	40487582	5	5
4238783	37208574	4	4
4201944	4234172	4	6
4200674	4146711	7	7
4225020	4093550	11	11
4194163	4125385	10	11
4230216	35622103	8	9
4218410	37304165	6	7
4240421	4278907	5	15
4211812	37111956	4	4
4249833	37206207	6	11
4237366	4120823	5	7
4197094	4057127	3	4
4194874	4215090	7	7
4208083	442098	2	2
4249833	4263976	4	7
4249833	4263925	6	6
4223723	45965509	1	1
4222543	4149846	9	11
4183948	37114182	5	5
4233095	37114408	4	4
4221921	4247795	5	5
4194163	46272181	13	14
4198525	4044406	3	3
4194306	4324844	3	3
4233701	4159090	1	1
4240421	4238475	7	12
4217941	4334024	5	5
4253626	761784	1	1
4211812	4071036	6	8
4238935	36695786	2	2
4212452	4267420	2	2
4218331	4174988	2	2
4213101	36674692	5	5
4240421	4008583	4	4
4247154	4048322	1	1
4225025	4025546	5	5
4250176	4017629	2	2
4198525	4094842	4	4
4237366	44783795	6	15
4219536	4178651	9	11
4215978	4285438	2	2
4213310	374021	3	3
4218016	4182997	8	12
4220615	37112646	4	4
4198525	4033972	6	7
4237366	4276885	9	11
4216314	4210028	5	5
4239314	4123088	3	3
4205702	35613786	5	5
4212119	4102390	10	11
4185749	44808032	4	4
4190345	441428	1	1
4194253	37395061	4	4
4195765	4278834	3	4
4225241	4202950	7	9
4222543	4139593	5	9
4222543	4060791	8	10
4260432	37017621	6	6
4198828	4002658	2	2
4199789	4167859	3	3
4249997	4083704	3	3
4198525	4316623	4	5
4240421	4020926	1	1
4213865	193807	1	1
4252724	4306191	1	1
4240421	4223379	7	9
4223362	4233063	1	1
4221921	4136353	5	5
4219536	4085081	8	12
4199457	4348836	4	10
4194163	4048447	14	15
4221489	4227205	3	3
4266668	4068886	1	1
4240671	37111914	6	12
4202615	4195761	3	3
4241272	37304021	10	10
4260432	4291490	8	8
4237366	4280214	8	9
4208786	36713097	4	5
4237366	4079089	7	17
4238317	4308438	4	4
4194049	4168546	2	2
4182664	4198823	3	3
4216134	4167028	2	2
4185192	4306058	1	1
4229451	4222516	3	3
4193369	4117075	2	2
4190307	4137761	1	1
4221921	4097386	5	5
4222385	4146302	4	4
4263612	4044354	2	2
4244662	4107913	2	2
4249833	4145186	6	7
4226780	4215092	4	10
4188978	4236268	6	6
4198525	256142	6	6
4224445	4246070	2	2
4215157	4237023	3	3
4200293	45758757	3	3
4263051	4004042	2	2
4246695	36716568	5	5
4262819	4212750	2	2
4222691	4176315	4	4
4186311	4268161	1	1
4189640	140064	2	2
4196678	4235130	5	5
4198525	4001841	6	6
4216273	45769058	5	5
4216845	4087202	5	6
4222543	4163839	6	11
4237366	4338361	7	11
4237366	4283297	10	18
4200828	3046998	1	1
4231759	44789799	3	4
4201237	4120320	2	2
4237366	4285351	8	9
4260432	4299766	8	8
4213041	4114639	3	4
4237366	4093711	6	13
4209843	4113296	5	5
4194607	42539711	6	9
4225522	4205135	2	2
4239582	4271652	1	1
4217142	4109251	7	7
4185749	4090162	5	5
4219686	37205949	2	2
4214793	4177901	7	9
4209768	46053759	3	3
4207216	4075837	2	2
4196647	35632189	4	4
4200418	4171015	1	1
4189457	4219737	2	2
4240421	4269752	2	2
4240421	37304148	6	8
4240671	4285517	7	14
4217941	4281547	7	9
4219551	4198226	3	3
4194163	40485446	12	13
4249833	4279296	9	11
4260432	4186585	8	8
4224205	45965033	1	1
4230216	4024410	8	8
4218016	4272692	6	8
4194163	4125894	4	4
4233525	4155493	1	1
4232338	4158954	1	1
4221349	4209162	5	5
4240421	4277045	5	6
4241272	4004837	3	3
4202977	4046835	2	2
4230374	3657467	7	8
4190192	43021453	5	5
4194009	4185300	3	3
4225025	4227524	6	6
4250490	36713763	4	7
4194163	4020622	2	4
4207302	4127735	2	2
4214998	4149441	8	8
4244662	4241047	5	7
4217941	4352628	6	7
4223925	4207967	4	4
4235677	44783974	1	1
4235137	4299953	4	4
4211812	4277853	7	8
4237366	4213871	6	9
4194163	4133970	5	7
4240671	4183163	6	12
4244368	37112854	5	5
4223312	4281906	7	9
4185207	4111172	2	2
4260432	4230895	8	8
4240671	4227436	7	14
4226282	4015487	4	4
4193463	4122737	2	2
4250176	3015759	3	3
4237366	4165786	10	12
4240421	4280584	5	5
4196757	4161775	1	1
4259134	4324276	2	2
4239314	4120784	2	2
4201944	4065051	5	5
4209768	4223730	2	2
4216421	4049386	1	1
4189601	4339205	3	3
4241272	4073767	10	10
4198033	4076531	9	11
4266188	4063688	1	1
4240527	4085224	3	3
4212886	4209571	3	3
4196657	4220807	3	3
4236218	45760028	4	4
4198525	437220	5	7
4237366	4241284	8	13
4204934	4103218	2	2
4230374	4056636	4	4
4240421	4349115	13	13
4240671	37113986	5	6
4213431	4068417	2	2
4188191	4033848	2	2
4196958	36676329	5	5
4210989	40482830	4	5
4194163	4229824	4	4
4237366	37119199	7	10
4226780	4030979	8	12
4237304	45768034	2	2
4236204	4229645	3	3
4240671	4237265	3	16
4193920	4290392	3	3
4256625	36685997	4	4
4237413	4301001	3	3
4201944	4020349	5	6
4191712	36714641	3	3
4260432	4018683	8	8
4239939	4102224	1	1
4196732	4338251	1	1
4260432	36684209	8	9
4250176	3020508	4	4
4240671	4051468	7	15
4230374	40489315	6	6
4187096	45766906	3	3
4185207	22274	3	4
4219536	4236703	5	11
4260432	4018545	8	8
4218718	4308635	2	2
4216273	36715837	4	4
4205702	35613476	5	5
4223312	4239384	10	10
4188978	4023078	6	6
4196958	4257901	1	1
4213041	4126164	3	4
4256375	37118698	7	8
4197328	37204235	3	5
4260432	4134736	8	8
4247597	4206643	1	1
4216273	45768838	4	4
4184252	4243128	5	7
4237366	4112373	9	15
4241273	4139980	5	8
4193464	37310047	5	6
4239314	4123237	3	3
4240671	37114249	7	20
4194163	4209581	4	5
4237366	37118969	9	10
4193464	37310134	5	6
4222709	4150771	4	4
4237366	4313966	7	8
4217941	4035103	5	6
4185758	434501	5	6
4250176	3027205	2	2
4230216	4044609	7	7
4240671	4213447	5	14
4219536	37114794	10	12
4237304	45758479	3	3
4261829	4329240	1	1
4260432	4160198	7	7
4240421	4227436	5	5
4205702	35613401	5	5
4185607	4112165	3	4
4230178	4061432	3	3
4188978	4138621	6	6
4249833	4166422	9	10
4209224	4275884	3	5
4216134	45757562	3	3
4230216	44791871	7	9
4226780	4214656	7	10
4236156	4033316	3	3
4189286	4227011	4	4
4197094	436062	5	5
4237366	4121896	9	11
4222543	4178031	13	13
4249833	4283092	7	12
4209224	3657134	3	3
4240671	4282554	8	18
4219536	4136817	7	8
4240671	4228958	4	11
4241470	4139944	1	1
4240671	37111782	8	17
4232301	4144246	2	2
4201233	4049976	4	6
4198525	4050203	5	5
4240421	37111783	8	12
4240671	4237120	6	19
4194163	4125752	4	5
4240421	4275871	7	7
4230216	4175856	3	3
4237366	4305799	2	2
4242526	4053112	2	2
4219536	4073640	8	8
4240671	4237550	6	6
4185207	4241785	4	5
4242411	4251796	2	2
4240671	4088160	8	22
4198033	4178342	9	10
4188978	4334017	3	3
4246053	4104205	3	3
4216314	4175898	5	5
4189257	4085079	4	4
4222543	4110271	7	16
4209223	36715920	2	2
4200177	4010505	2	2
4194874	4089103	12	12
4217941	4231076	8	10
4222709	4279074	5	5
4264395	4265544	1	1
4244232	4011071	3	3
4211812	4011864	4	16
4230487	4285041	4	4
4214793	4096651	10	15
4207353	4146393	2	2
4193874	4123592	2	2
4188300	4193644	6	6
4226777	4084801	2	2
4211812	4276112	6	8
4266188	4313914	3	3
4189286	761073	4	4
4219536	4216973	6	10
4232891	4229714	1	1
4212886	4131278	4	4
4213041	4070231	3	4
4233554	4073953	4	4
4261829	43531478	2	2
4237366	4283461	7	8
4224822	4239075	3	3
4190180	4196333	2	2
4243188	4353160	2	2
4223312	4199438	7	8
4224329	37114122	4	4
4201233	4123740	9	9
4207942	37219088	3	3
4240345	44788873	4	4
4201531	4068117	1	1
4194884	4208058	4	4
4207307	4105195	3	3
4244662	4012588	8	10
4195184	3008592	1	1
4194874	4135804	5	6
4237366	4251621	5	7
4261870	4159170	2	2
4224329	4157981	1	1
4240671	4239462	9	12
4242411	44808744	3	3
4184090	37119224	2	2
4201563	4092476	2	2
4240421	4311795	5	5
4194163	45956945	5	5
4213005	4118086	2	2
4212450	4218244	2	2
4203162	37113181	3	3
4240421	4277437	5	5
4213431	4021008	3	3
4217941	4232233	4	6
4233242	4029161	3	3
4204158	44791513	3	3
4195136	36717437	1	1
4214793	4029204	4	6
4210006	36717244	4	4
4240671	4047439	7	21
4227862	45769439	7	7
4243423	4227438	1	1
4260432	4206781	8	8
4223336	4297019	1	1
4240421	4041625	5	5
4194742	4056515	5	6
4183040	3663239	3	3
4235137	4295962	4	4
4219536	4175722	9	10
4244662	81029	2	5
4194253	37395169	4	4
4243478	4002535	2	2
4213101	765799	5	5
4216287	4209383	3	3
4218016	4140400	5	9
4231706	4195708	1	1
4226780	4321141	4	11
4185470	4187355	4	4
4212193	4029176	4	4
4215139	4215266	1	1
4240671	4089788	7	14
4239736	4265405	1	1
4249833	4230731	10	10
4246695	4051000	3	3
4241958	37111831	6	6
4214793	4274734	5	10
4219536	4029063	11	17
4195639	4197040	2	2
4199512	4090829	4	4
4194163	4201903	3	3
4237366	4103345	5	7
4218016	4201293	7	7
4265994	42690339	3	3
4197929	40485476	3	3
4208466	4055089	4	4
4194163	4006129	3	3
4240671	4080490	6	10
4240421	4140087	7	8
4237366	4035554	5	8
4260432	4219567	5	5
4243478	42537529	5	7
4265442	4215438	3	3
4240421	4313612	6	6
4217941	4258264	6	6
4203550	4199971	1	1
4194306	4249139	8	8
4184708	40486428	3	3
4250509	4093869	3	3
4240421	37219273	4	6
4200557	42537260	2	2
4264502	4248380	1	1
4199395	4198541	1	1
4221189	4009761	2	3
4217796	4254656	3	3
4202566	4151747	1	1
4266660	35632119	4	5
4241272	4091567	7	7
4222390	4012621	4	6
4240421	37112438	6	9
4206133	4046941	2	2
4237366	4088461	5	6
4240671	4155539	9	19
4237366	4057090	6	12
4252534	4028012	4	4
4209224	4112141	1	1
4197094	4317691	6	7
4222709	4311874	2	2
4193176	42534938	3	4
4194163	4025614	12	13
4217941	4322229	6	6
4207503	4279914	1	1
4200069	4052634	1	1
4218016	4179407	10	10
4233623	37207632	3	3
4198033	37017935	8	8
4201944	4316876	6	8
4230216	4025461	7	7
4230216	4250738	4	4
4197299	45770611	2	2
4197002	4126222	5	6
4209224	4113304	3	3
4209224	4161410	1	1
4188300	4306819	5	5
4218016	4133220	7	7
4213041	4247772	4	4
4201402	37117749	5	5
4198293	37113921	2	2
4244854	4327039	4	5
4202064	36716700	3	3
4230216	4249328	4	5
4207400	46030169	2	2
4237366	4288026	9	15
4253749	37112902	3	3
4186422	40479616	4	4
4248263	37113511	5	5
4240671	4155738	7	7
4240671	4254082	5	24
4237366	4218923	6	13
4183048	4209528	2	2
4261829	4215210	4	4
4207400	46060003	2	2
4219902	37117360	7	9
4252534	4185509	3	3
4223312	4076685	9	12
4197965	4148858	7	7
4217941	4202376	7	9
4227862	4024528	2	2
4233903	4317133	4	5
4242526	4331868	2	2
4241272	4173089	6	6
4198033	4138832	6	9
4260432	4212752	6	6
4236691	4282749	1	1
4211641	37208389	4	4
4214793	37113125	12	16
4198033	4074205	8	10
4260433	4198839	4	4
4222385	4235064	3	3
4236482	40486412	4	4
4261870	4162622	2	2
4241272	37118460	3	3
4240421	4321537	3	11
4188078	4010097	2	2
4194253	4163861	3	3
4189377	4137329	2	2
4240671	4088188	7	12
4237366	4126802	7	11
4240421	37219014	4	7
4198525	196442	7	8
4206462	4008595	6	6
4214796	4232726	4	4
4249833	4203518	8	8
4210006	42538394	4	4
4211641	37017312	3	3
4250176	4304771	5	6
4237366	4088232	5	7
4218016	4074501	7	8
4260341	4014557	4	4
4244662	42536661	5	7
4194163	4273606	3	3
4260432	4199081	5	5
4265141	4199247	3	3
4217941	4012020	3	8
4237366	4091103	10	14
4264563	4185488	2	2
4237545	4149515	2	2
4240421	4284829	5	6
4218107	4193664	6	9
4202274	36713268	3	3
4230216	4210990	5	5
4234354	4217391	5	6
4186164	4243896	2	3
4185453	37114587	3	3
4210989	4166437	3	3
4265141	37396562	3	3
4240421	36717535	3	13
4240723	4144343	4	4
4244662	37395877	2	4
4185749	44809335	5	5
4205553	37115641	1	1
4219536	4088318	5	7
4196958	4234787	1	1
4240671	4154453	2	15
4217941	4202764	6	7
4220755	4034955	2	2
4240421	37113234	6	7
4188191	4067764	2	2
4205702	35614481	5	5
4196678	36717076	3	3
4182927	4183346	1	1
4218016	4159073	7	10
4213128	4130169	2	2
4240671	4111458	5	10
4184252	4305429	5	5
4244662	4309376	4	6
4207307	4090081	3	3
4249833	4188036	7	7
4265442	4218032	3	3
4259134	4216543	2	2
4201233	4137862	5	6
4190397	37396159	2	2
4240421	4138440	4	6
4237366	4238161	7	14
4264477	44808767	5	5
4208466	761454	6	6
4249833	4231030	5	8
4237366	37113735	9	11
4240671	4090600	7	16
4237366	37218986	5	7
4222709	4281769	8	13
4220932	37113644	3	3
4233903	438709	5	5
4201944	4218988	6	7
4194163	4115921	4	4
4258373	4254367	2	2
4249833	4327267	4	7
4260535	46269900	1	1
4222709	4076388	4	4
4240671	4091422	7	16
4240421	4238630	7	7
4239314	36674898	1	1
4213101	4009286	6	7
4194163	4010166	4	6
4216845	37396949	8	10
4218016	4167339	8	9
4188191	4033199	4	4
4233242	4047163	3	3
4210988	37114205	7	8
4244662	4177069	6	8
4240421	4063478	7	8
4226402	4277206	4	4
4217629	4285067	4	4
4218016	4066656	6	7
4208466	4048786	4	4
4195765	4131116	2	2
4195765	4125088	3	3
4225710	4116104	3	3
4249833	4208317	10	10
4231758	4049380	4	4
4185635	4229836	1	1
4188027	4163830	1	1
4240671	4034270	4	11
4198525	28109	4	4
4209768	45980982	3	3
4229415	4125090	3	3
4266440	4274265	2	2
4199431	42689961	3	3
4240421	4242228	4	4
4189457	3655194	1	1
4240421	4231325	6	11
4211534	4290179	3	3
4210998	37117794	1	1
4188978	36684341	6	6
4237304	4159812	1	1
4260432	36713978	6	6
4246053	4036686	5	5
4242974	4151256	2	2
4266440	37396543	2	2
4244662	764941	3	5
4218016	4220526	6	8
4222709	4278761	6	6
4237366	37113263	6	9
4256375	37218983	4	4
4240671	4009057	5	10
4218016	4137480	10	15
4248101	4069469	2	3
4188191	4265776	4	6
4208814	4141045	1	1
4222543	4155533	9	12
4205702	4031852	1	1
4198525	4340663	4	5
4209768	4212143	3	3
4250176	3005435	3	3
4260432	4081467	8	8
4221108	4117140	3	3
4226228	4203903	4	4
4237366	4089904	6	13
4219540	4139702	5	5
4240421	37112226	5	5
4198525	40486084	6	6
4211797	4148715	1	1
4215207	4014243	1	1
4201412	4210292	1	1
4231363	35615081	5	5
4223252	36688933	3	3
4188978	4226105	5	5
4240671	4250773	6	12
4219902	42539388	6	8
4199267	4083380	1	1
4219871	4030994	3	3
4265996	4123225	1	1
4214793	4098003	9	15
4241272	4349532	8	10
4240671	4081819	3	11
4235906	4223891	2	2
4205246	4263147	2	2
4190814	44794850	1	1
4240671	4206631	7	14
4240671	4039962	7	7
4260432	4300162	5	5
4200707	40479297	3	3
4212312	4166253	1	1
4241272	4084672	10	10
4262920	36712684	3	3
4240671	4156029	6	15
4235906	4222702	2	2
4208786	75346	2	2
4214793	4288473	4	4
4240345	4300759	6	7
4186405	4079282	2	4
4215785	37118221	1	1
4222543	4096850	9	14
4241470	4311398	4	4
4185207	4315948	4	5
4217941	43020770	7	9
4256625	4033215	6	6
4195802	4126415	3	3
4191261	4191262	1	1
4262608	4158918	6	8
4260432	4034126	5	5
4218016	4147293	11	11
4240671	4084263	4	4
4250176	4306368	5	6
4240671	37112899	7	19
4219847	4038238	2	2
4241958	37118324	7	8
4194964	4073199	3	4
4240671	36716064	6	11
4193464	4198809	3	4
4250176	4261949	6	6
4237366	4020624	6	8
4240421	4277046	5	6
4249833	4034629	4	7
4230178	4302270	1	1
4249833	4170924	5	9
4240671	4190711	7	12
4225982	134879	3	3
4214793	4090312	4	8
4239679	4017444	2	2
4240671	4349677	6	12
4189968	4195576	1	1
4218410	35632396	5	8
4183895	4021865	1	1
4233903	4243115	4	7
4207400	46038803	3	3
4223312	4105121	6	6
4240671	4053024	5	16
4237366	4074223	7	9
4247357	436042	2	2
4190889	44789145	1	1
4237304	45760849	3	3
4226402	4131647	8	8
4244368	4076664	3	3
4239314	36676501	3	3
4216316	4307044	2	2
4220452	4235663	2	2
4260433	4184840	4	4
4265442	4328238	3	3
4231363	35616026	6	8
4241272	4179690	5	7
4212359	37016793	1	1
4260432	4161911	5	5
4196866	37114133	1	1
4240671	4353167	6	14
4184890	44807282	1	1
4200674	4145652	4	4
4207400	505485	3	3
4185607	4207618	2	2
4214409	4174701	3	3
4197147	37117600	2	2
4195917	4333485	3	3
4231759	4050628	3	3
4231758	4239779	6	6
4191736	3011338	3	3
4241470	35608105	4	4
4214793	4126155	3	3
4237366	4179275	7	8
4246129	4148758	1	1
4196732	4340954	3	3
4244662	4162042	6	8
4194163	4207327	10	11
4249833	4332097	6	8
4214793	4076124	6	6
4261829	4338181	2	2
4237366	4281111	8	12
4240671	4105122	9	21
4240421	4267434	5	5
4196647	4102215	1	1
4216314	37114274	4	4
4185207	4093784	5	6
4244662	4002794	3	6
4217941	43020863	7	9
4250176	44804714	2	2
4216314	4079450	6	6
4194163	42687704	6	7
4241272	4303046	9	9
4194163	4116657	5	5
4219536	4081665	8	10
4209982	36695572	4	4
4266440	4118396	4	4
4266324	4178523	4	5
4188300	4286438	7	7
4240671	4194586	5	12
4229715	4270150	1	1
4216134	4298232	4	4
4214014	35609829	2	2
4224644	4245760	1	1
4250176	3036984	6	6
4246695	4151674	3	3
4246191	4285066	7	7
4265994	45768766	3	3
4210989	46273409	4	4
4189459	4285863	1	1
4237168	4137358	1	1
4230216	4266493	5	5
4194163	4310688	4	6
4227862	46272068	6	6
4265442	4066284	3	3
4260432	4199974	4	4
4240421	37113454	10	13
4195510	44789119	1	1
4227862	46272353	6	7
4223318	45765017	4	4
4232301	4352377	3	3
4197091	36714847	3	3
4241272	4094026	8	8
4188978	46271538	6	6
4211650	4185133	4	4
4217941	4025830	7	9
4242903	4142444	4	4
4206562	44791952	2	2
4194163	4300611	13	16
4237366	4088806	8	11
4188300	4223211	7	7
4213041	4075362	3	3
4264458	37113422	6	6
4244662	4225257	4	5
4230401	4259543	1	1
4260432	4095938	8	8
4193988	4300215	3	3
4264477	40480292	5	5
4218016	37113789	7	10
4183948	4137792	3	3
4244662	4172528	3	3
4217941	43021022	6	8
4251163	43020586	1	1
4241272	4083256	6	8
4184708	4015965	4	4
4244662	4282453	3	7
4237366	37113597	7	7
4242269	42538283	1	1
4203906	4349948	4	4
4218718	4275577	4	4
4217941	4016295	7	9
4262608	4109922	7	12
4230162	42689647	1	1
4240421	36715129	5	5
4237366	4087523	5	8
4217941	4223650	7	9
4250176	3016436	3	3
4240421	4138663	5	5
4195128	4187357	2	2
4198076	80804	2	2
4199395	4048052	2	2
4206562	44810597	1	1
4249833	4224471	9	11
4211641	4215639	4	4
4237366	4088317	6	7
4222543	4147762	10	10
4190936	4204350	2	2
4194163	4304545	11	12
4214820	4231429	1	1
4249833	4322403	9	10
4203096	45768879	5	6
4240671	4233665	6	12
4230167	4072517	3	3
4194163	45769586	5	5
4260432	4135017	7	7
4234752	4066062	4	5
4237366	36716216	6	12
4194163	4263113	2	2
4215139	4214566	2	2
4248801	4319157	2	2
4214998	4175638	1	1
4218016	4155164	11	17
4240421	4262997	8	10
4219536	4175720	9	10
4186164	760229	6	8
4197328	4095002	3	3
4237366	4297756	7	12
4260659	4089578	3	3
4244662	4001302	4	8
4198525	4328726	4	6
4221349	4282603	7	7
4188978	4145063	6	6
4188300	4047035	5	6
4190192	44783637	5	5
4205702	35612733	5	5
4194874	4089091	13	13
4214793	4164583	4	5
4231363	4043735	5	5
4240671	4081965	6	21
4205702	4232683	5	5
4240421	3667096	5	9
4199457	37303844	4	5
4222709	4337277	3	4
4201001	4064125	1	1
4240671	4080413	9	20
4213955	4231320	1	1
4210738	4299707	3	3
4265135	4151975	1	1
4201944	46271320	7	8
4240671	4276948	7	18
4200707	40479249	3	3
4192247	37204026	4	4
4185470	192560	5	5
4248263	36714418	3	4
4196980	4285982	1	1
4223312	37112895	11	13
4212341	35624451	6	6
4260433	4181803	4	4
4187362	4027262	2	2
4240671	4195758	6	16
4264500	4169734	3	3
4244396	4208124	3	3
4241272	4352504	10	11
4237366	37115051	7	7
4250176	4095028	4	4
4219902	36695585	3	3
4260432	3657169	6	6
4238044	4134351	2	2
4240421	4352015	8	8
4193464	37208292	4	4
4239729	761004	1	1
4231758	4070584	3	5
4249833	4145695	10	10
4201944	4168233	4	4
4185551	37018085	1	1
4213507	4017678	4	6
4214796	4222893	5	7
4240345	4263508	3	3
4216845	4238088	2	5
4219895	37115027	2	2
4195119	37112255	2	2
4237366	4352265	7	11
4240421	4078846	4	5
4260432	4016036	8	8
4265994	42689954	3	3
4265706	4297152	2	2
4217722	4140440	3	3
4188078	4174818	1	1
4230216	4025450	7	7
4214793	4087567	4	4
4199457	4101901	3	11
4230374	4070467	2	2
4237366	37118790	7	14
4218718	4088154	4	4
4219902	37114693	7	8
4240421	4181409	8	11
4249456	4326841	2	3
4188978	4229985	6	6
4244854	4301124	3	4
4252534	4034011	1	1
4194163	4102869	3	3
4240671	4197457	5	10
4218016	4164795	5	6
4249833	4161649	7	10
4232481	37114955	6	6
4260432	4216358	8	8
4249833	4184351	5	8
4201412	4210279	3	3
4230374	4074215	4	4
4240671	4113939	6	11
4218016	4084276	7	7
4195471	45769340	1	1
4237366	4231455	6	12
4256375	4286362	4	4
4249833	4162841	9	11
4186164	4295658	4	4
4233242	4047150	3	3
4237366	4034426	7	11
4188300	4302074	7	7
4240421	4285357	8	13
4240345	4274469	4	5
4218016	4074069	8	9
4240671	3667106	7	13
4246695	4096623	3	3
4240671	37113002	4	9
4244662	42539263	5	6
4218016	4330304	4	12
4189601	37017255	4	4
4249833	4221247	9	11
4185749	44807277	7	7
4237366	4145499	5	9
4186164	45771409	6	8
4231758	4235008	5	7
4217941	4098060	4	6
4199457	4297788	5	7
4191044	40482035	2	2
4198033	4135808	6	11
4241272	4205550	8	8
4199179	4091102	2	2
4216134	46271547	5	5
4201893	4266246	2	2
4205702	35613914	5	5
4194163	4184579	11	12
4199457	4217929	6	6
4205702	35614094	5	5
4217941	4017835	7	9
4230216	4236656	4	4
4240671	4282851	5	12
4237366	37111765	6	8
4222448	4314690	4	4
4218317	4202302	4	4
4189293	4146010	1	1
4206719	4026066	1	1
4216273	432833	3	3
4212119	3661587	6	9
4195000	4043724	4	4
4230216	4044271	6	6
4218016	35632103	6	10
4240671	4233553	4	8
4242903	4121305	5	5
4226780	4180960	4	4
4211812	4132912	7	15
4219902	36695799	5	7
4231435	4299953	2	2
4249830	36684288	2	2
4211812	4100835	10	16
4216752	37109966	1	1
4219902	4137206	5	8
4250176	3036858	6	6
4240421	4215448	5	11
4189640	4095897	3	3
4241272	4121275	8	9
4221821	4112172	2	2
4240421	4148161	5	5
4249833	4190532	11	11
4240671	37115565	7	14
4211650	4186552	1	1
4214793	4001203	4	4
4240671	44783902	5	13
4244412	4035235	1	1
4220672	4335529	2	2
4218331	4076173	2	2
4241529	36676446	2	2
4205694	44809940	1	1
4202517	4235798	2	2
4198525	4311283	2	3
4240421	4066959	4	4
4219686	4311043	3	3
4213128	4099786	3	3
4237366	4250040	7	9
4236996	4309602	3	3
4203095	3654603	2	2
4198525	438454	5	5
4194163	4312072	5	5
4218016	37114169	7	7
4248551	4062229	3	3
4205702	35614173	5	5
4234752	4165675	5	5
4194163	4217741	5	5
4239679	44807658	2	2
4238765	4224911	1	1
4240421	4089705	4	6
4237366	4078787	10	12
4197656	4235174	1	1
4218016	4111585	6	12
4188300	4304086	3	3
4198033	4119482	5	5
4188978	4117823	6	6
4241272	4285364	6	10
4185640	35610079	3	3
4218016	37118383	12	14
4202658	37115011	4	4
4183948	4077612	7	7
4240671	4177005	4	10
4222448	4150269	2	2
4211802	4349278	7	9
4205000	45763569	3	3
4240671	37396906	6	18
4249833	4201055	11	11
4227862	40485464	4	4
4237304	4129124	2	2
4211641	4082520	3	3
4223312	4150022	5	5
4223252	45965033	4	4
4218130	507251	4	4
4230216	4188354	5	5
4231758	4308113	6	6
4240421	37219156	6	8
4244662	4190586	4	6
4266654	4166856	3	3
4223312	4235315	8	9
4222709	37112624	8	10
4220836	4133440	2	2
4240345	4056407	4	4
4188300	4311431	3	3
4240421	4322310	5	5
4240345	4119990	4	4
4188027	37016736	1	1
4263923	4070026	2	2
4244662	4014060	8	11
4240421	36716350	6	6
4237366	4285306	4	4
4214793	36696024	7	10
4227862	4024800	6	6
4262920	40486977	2	2
4209768	35619340	3	3
4194074	4098955	2	2
4265442	4016562	3	3
4240671	4092599	4	22
4241088	37114182	6	6
4182553	4197488	1	1
4244662	4245219	4	6
4237366	4352382	8	14
4249833	4231571	9	11
4246053	4213410	3	3
4240671	4352366	4	8
4240671	4139611	8	17
4188027	4240647	2	2
4240422	46273270	3	3
4260342	4034769	3	3
4225677	4225032	2	2
4244396	4168492	2	2
4198033	4142440	5	6
4237366	4176629	5	8
4241272	4144246	6	7
4241272	4138572	9	10
4222543	37113118	6	6
4218016	4282998	8	10
4231363	4108215	4	4
4222709	4281775	6	10
4236325	4058016	3	3
4208786	36686985	6	6
4253153	4155178	3	3
4250490	434616	4	4
4232620	4351742	3	4
4263634	40493486	1	1
4264049	4123332	2	2
4219902	4088618	4	5
4184252	132579	4	4
4240521	4240774	2	2
4260432	4011685	8	8
4245330	433585	1	1
4211812	4155161	10	15
4197094	198337	3	3
4230709	4337460	2	2
4237964	4022871	1	1
4240671	4089198	7	17
4234752	4336149	2	4
4240671	4089257	9	16
4236384	4185942	3	3
4240671	4167588	7	7
4207315	4035710	2	2
4197094	4136170	4	4
4240671	37113795	7	12
4201531	3662397	2	2
4237366	37304202	7	11
4249833	42873137	3	7
4260677	4237281	1	1
4212318	4264348	3	3
4193321	4133614	4	4
4213431	4110613	4	5
4216134	37397303	3	3
4240421	4146726	5	5
4187965	4187251	2	2
4212119	4054322	4	4
4237259	37113158	2	2
4212089	4028352	2	2
4215746	42537149	3	3
4244368	4285368	6	6
4240421	4121147	5	6
4219536	40480162	8	10
4244662	759987	9	10
4256628	4173110	2	2
4197094	4095093	5	5
4237366	4178296	8	12
4194163	4235455	3	3
4230216	4195907	8	8
4237366	42535902	4	9
4189286	4145842	4	4
4241272	4084252	10	10
4224822	3655651	2	4
4260432	4348437	5	5
4213128	4202688	3	4
4209768	45978438	3	4
4233903	4312274	6	7
4244662	4071595	5	7
4218016	4232780	5	11
4186422	44784022	4	4
4249833	4030888	6	9
4247331	4234784	2	2
4240421	37112906	6	6
4200669	4059768	4	4
4227862	4125223	6	6
4226780	4281617	5	8
4199431	4084613	2	2
4222543	4141279	5	5
4217941	4162065	6	7
4237366	4349957	8	12
4249833	4200342	7	7
4228050	4216824	2	4
4219536	37115185	9	11
4229451	44783094	2	2
4248028	40480216	3	3
4239509	4054124	4	5
4197656	4271320	3	4
4207400	46053757	3	3
4212886	4077219	2	4
4212886	4087638	3	3
4185110	4236130	1	1
4260432	4261940	5	5
4211812	4134476	7	9
4261473	4073965	2	2
4187630	3655231	2	2
4249997	4045259	6	6
4250176	3043251	3	3
4216706	4084662	2	2
4194163	4210753	4	5
4195797	4152815	2	2
4212119	4290619	7	7
4190397	36715008	1	1
4201530	4076141	1	1
4237163	4280827	1	1
4262608	37115493	3	3
4227862	4044273	5	5
4240671	4204254	8	11
4213724	4348170	3	3
4260622	45769001	1	1
4237366	4175126	10	17
4240421	4251915	6	8
4240671	45765988	4	4
4224349	3664342	3	3
4236776	4049593	2	2
4244854	4218089	4	5
4205541	4179577	2	2
4230736	4273554	1	1
4185927	4070858	3	4
4240421	4236664	5	6
4186164	4097013	2	2
4249833	4200630	5	7
4264500	4105115	5	5
4240421	4114308	3	3
4240671	4326579	7	14
4188978	4233895	6	6
4185276	4352636	1	1
4237366	37218999	6	7
4240671	4078614	9	20
4240671	4147159	7	15
4219902	4125035	3	3
4249833	4326840	10	10
4262229	4088009	5	5
4221108	4227583	2	2
4212579	4222607	2	2
4240421	37112854	6	6
4240671	3667243	5	15
4240671	37115349	6	12
4237366	37112403	11	18
4240421	4310820	6	10
4193927	4286658	1	1
4240671	37115040	4	16
4199395	4198037	1	1
4190759	46271549	3	3
4197229	4230723	3	3
4229909	4051926	4	4
4185607	761742	5	5
4240421	4152315	3	9
4185749	4090737	3	3
4222543	37396937	9	15
4219536	37115692	6	8
4222709	4239046	2	2
4249833	4200321	5	8
4237366	4207255	4	7
4205702	35612710	5	5
4249833	4160431	6	7
4199417	36713543	3	3
4185749	4096071	4	4
4266612	4121080	3	3
4218016	4236682	7	7
4237401	4238163	1	1
4237366	4167795	6	11
4240671	4284814	2	2
4219800	4107632	1	1
4218016	37304042	7	8
4237304	45763081	4	4
4214793	37118793	10	14
4211653	4236088	4	4
4211812	4159448	4	4
4237304	45763385	3	3
4204934	40489315	1	1
4225241	42539564	4	4
4224209	4279564	5	5
4214793	4331907	6	7
4217941	4162931	6	6
4201944	4062855	5	5
4236704	4219618	3	3
4201402	4031048	4	4
4217210	4117285	1	1
4223312	4207370	2	2
4201944	4098206	2	4
4240421	4153175	5	5
4214793	4283590	5	8
4185207	4110562	5	7
4265442	4197261	3	3
4209250	4018040	2	2
4222077	4222858	1	1
4189531	435003	2	2
4237304	4231017	3	3
4194306	4090292	3	3
4237366	37117899	8	12
4240671	4102151	7	15
4244735	4274157	1	1
4240671	4074812	4	7
4194232	4078337	1	1
4198033	4076549	9	10
4216134	4243193	6	6
4198033	37118795	5	5
4221921	4030499	4	4
4264500	37113910	5	7
4240671	4241395	3	3
4216134	4047035	5	5
4217941	4018667	7	9
4240671	4236700	5	5
4240421	35632411	4	4
4207942	4254238	3	3
4208947	4087353	5	6
4237366	37219003	11	11
4260432	4161960	8	8
4230235	40492316	1	1
4198525	4325371	4	4
4212886	4232037	2	2
4238738	4022269	3	5
4185266	3667070	1	1
4241775	4289477	2	2
4202500	4085357	1	1
4244662	42539213	5	7
4201233	4029298	5	5
4200516	4323617	3	4
4237366	4235920	7	11
4223312	4066574	6	9
4218016	4048344	4	4
4194163	4125739	4	4
4240421	4194720	7	7
4195765	4125090	4	7
4244368	37112876	4	4
4244662	4114447	5	7
4222543	37018561	7	14
4185758	439947	3	3
4221108	4274164	4	4
4236715	4227085	2	2
4197655	36695596	1	1
4260432	4149409	8	8
4237366	4290763	6	12
4263051	4066968	1	1
4225033	4220601	5	5
4193369	4230384	2	2
4260659	37118857	8	8
4254680	37398484	3	3
4266630	4322961	1	1
4197965	4237512	6	8
4265442	4223351	3	3
4197094	44809607	3	3
4194607	4211925	3	3
4194163	45768738	4	7
4190307	3655596	4	4
4244662	46284933	4	4
4249833	4162180	8	8
4184217	4183921	2	2
4240671	44790641	5	13
4193875	46269737	3	4
4240671	4055907	4	5
4185470	37311926	3	4
4240671	4240273	7	12
4187536	4107938	1	1
4217941	4019095	5	7
4240671	4264468	4	6
4230392	4103290	3	3
4219847	4202550	3	3
4210988	37016774	5	5
4240421	4104035	4	9
4222709	4093567	7	8
4240671	4339084	5	5
4240671	4111444	4	17
4218016	4086672	6	10
4198525	4033452	5	6
4208786	765144	5	5
4222543	37396943	9	16
4222709	4269088	3	4
4237366	4150120	13	17
4254364	4237499	1	1
4260432	4239153	8	8
4241272	4008912	7	8
4263051	4140579	3	3
4240421	4162039	5	5
4231363	4048786	5	5
4250176	44808714	4	4
4219536	4103542	6	8
4216778	4208648	1	1
4207119	35621955	3	3
4236706	4231679	2	2
4240421	37115245	8	9
4249833	37019195	6	7
4244662	437699	2	2
4222962	4057991	4	4
4240671	4246686	5	7
4214409	45773070	4	5
4222543	4348991	4	5
4244662	37116395	2	4
4244662	45767603	9	11
4189640	4173956	4	5
4208786	40488383	4	7
4237366	4352897	9	14
4207942	37018290	5	5
4266035	4228458	2	2
4225241	4002231	1	1
4195765	4035717	6	6
4219902	35632122	5	7
4195655	4262691	3	3
4207269	44792643	3	3
4222543	4349802	6	9
4218016	4176031	8	9
4186164	4093512	1	1
4217941	4236423	4	4
4186392	4035970	3	4
4250176	3006827	5	5
4240421	4298511	9	11
4240521	4279841	1	1
4201412	4208487	3	3
4201233	37112402	7	9
4222543	37115184	7	11
4204181	4043432	2	2
4244662	4309309	4	4
4234723	4196156	1	1
4210465	4046121	1	1
4235137	4032630	3	3
4217941	4321242	7	9
4217941	42872926	5	6
4195765	4034506	5	5
4197094	4218127	7	7
4198033	4074224	7	7
4232301	4137932	2	5
4249833	45773057	4	8
4217941	4225394	7	9
4219686	4288169	4	4
4211812	37304163	4	10
4217941	37018590	3	5
4249997	4185928	4	4
4250176	3007327	3	3
4240671	4233857	6	12
4196732	4340642	1	1
4187630	4012228	2	2
4222543	37219150	6	12
4240671	4109743	4	11
4198190	4174214	1	1
4218016	46273091	10	14
4219536	4081373	12	17
4219536	4243458	7	8
4190307	4044932	3	3
4240671	37115535	8	19
4237366	4002179	6	7
4244232	4330003	3	3
4249582	4226827	1	1
4185916	45765712	4	4
4240421	37115252	6	6
4203722	42689524	4	4
4234354	4217544	6	7
4190256	4035472	3	3
4233561	4066409	1	1
4265442	4018100	3	3
4238775	4239574	1	1
4231758	37017015	4	5
4196657	36695724	3	5
4249833	4018666	9	11
4240421	4089791	8	8
4240422	4125197	5	5
4240421	37114570	3	3
4187630	40481805	1	1
4207400	46010207	3	3
4237366	4128145	6	6
4249833	4009308	4	6
4194163	4310485	13	16
4200522	4200523	1	1
4260432	4016441	5	5
4215093	4202762	3	3
4237366	4078777	7	12
4240723	4144348	3	3
4216585	4134609	5	5
4187630	36713451	4	4
4226777	4248696	3	3
4231759	4068154	3	3
4240421	4312926	7	10
4225710	4118214	3	3
4194163	46272090	13	15
4206168	4287400	3	3
4187965	4074543	3	4
4220705	4094250	2	2
4265141	37018519	4	4
4200674	4235194	7	7
4219536	37114870	8	10
4209768	45978592	4	4
4205695	4004337	3	3
4194163	4112549	11	12
4240421	4136994	7	8
4218718	37115139	2	2
4200293	45761205	3	3
4211641	4151632	3	3
4244232	4145621	3	3
4195874	4285812	2	2
4241272	4134764	7	8
4213041	4070115	3	3
4231941	40485074	1	1
4237366	4075691	5	14
4213431	4127078	4	5
4214793	4047532	6	6
4202339	4204804	4	4
4184252	36716747	6	7
4249833	4221842	9	11
4239801	4260628	2	2
4191383	4195696	6	6
4193176	4067312	4	5
4194607	37114114	5	7
4242962	4242360	2	2
4194607	4181754	4	9
4211251	4145499	4	4
4194607	36714345	6	9
4199141	4076527	2	2
4230216	4023957	8	8
4249833	4189491	4	10
4208786	42535721	5	8
4196708	4046223	5	5
4231759	4340099	4	4
4219536	4174124	13	17
4197965	4290973	6	7
4244662	432428	5	7
4212450	4246411	3	3
4249833	4230701	8	8
4185554	4047599	1	1
4260432	4214615	8	8
4222709	36715401	3	5
4243351	4194988	1	1
4260370	45760743	1	1
4234715	4223044	1	1
4265442	4265199	3	3
4185607	762767	1	1
4213041	44791678	4	4
4194245	4189592	1	1
4183040	4234762	3	3
4249833	4185275	9	11
4244662	36717013	5	6
4224453	4081467	2	2
4216316	4034159	2	2
4244662	4085552	3	9
4186164	4093035	3	3
4195698	4328820	2	2
4209982	4236519	5	5
4196958	36675332	5	5
4250176	4242099	5	5
4216752	36685393	1	1
4214793	4111615	6	11
4240421	37117347	6	8
4232228	37115107	3	3
4185470	37399015	6	6
4240421	4057981	7	8
4222543	4307548	5	6
4194607	37117839	5	5
4240421	37113273	7	9
4242261	4125185	1	1
4202345	4180494	3	3
4240421	42537381	4	6
4219370	36684082	1	1
4244662	4308639	4	6
4217941	4160614	6	8
4222709	36695680	5	8
4249833	43530839	9	11
4239354	3029991	1	1
4266234	763729	1	1
4186164	760704	5	5
4218016	40480162	7	9
4240421	37113299	9	13
4244662	4212887	1	1
4197328	442791	3	3
4240421	4307086	10	13
4201944	4195672	6	8
4265600	4231580	2	2
4240671	4102156	6	18
4219240	507217	5	5
4197965	4349798	5	5
4237366	4152484	7	16
4196678	36674342	2	5
4185749	4090078	3	3
4194163	4017409	4	4
4237366	4040389	10	10
4222543	37114316	7	8
4206336	37109091	3	3
4212087	4147981	1	1
4225025	4297620	6	6
4209768	46045130	3	3
4240671	4141610	4	11
4188300	42537545	6	7
4229909	4106866	3	3
4221813	44796522	3	3
4194163	4321410	12	13
4237366	4352106	6	9
4240421	4279858	9	13
4198525	4092983	3	3
4241272	4285375	11	12
4219536	4196350	8	8
4232071	765786	3	3
4237366	4226541	8	15
4211812	4110522	5	6
4238639	4167820	1	1
4196958	43531189	2	3
4222709	4297835	7	7
4211812	4074492	6	7
4226780	4048341	5	10
4225020	4232370	5	5
4217941	43020701	6	8
4219536	4245488	11	15
4224209	37112646	6	6
4250489	4095687	1	1
4211682	4226631	3	3
4217142	37114535	7	8
4222709	44791575	9	9
4237017	4094297	2	2
4197461	4294876	2	2
4234605	4244202	5	5
4222543	4214032	9	12
4230216	4199914	8	8
4262920	37016115	1	1
4232301	4305209	8	8
4228050	37394768	3	4
4193176	133853	3	3
4222543	4085081	8	12
4259548	4334488	2	2
4219536	4110785	11	17
4196866	4178204	3	3
4231110	37118328	3	3
4198525	4001687	3	5
4186240	4198419	4	5
4237304	45759349	3	3
4198525	37018880	4	8
4257965	4257967	1	1
4234593	4084285	2	2
4260433	4219832	4	4
4244662	36675174	4	4
4222691	4049631	4	4
4242536	4281184	5	5
4240671	4138427	7	7
4214105	4034998	2	2
4222543	4168005	13	16
4216845	4089423	7	8
4240671	37112616	6	14
4187630	4050944	2	2
4240671	4165732	5	13
4210989	4051262	1	2
4222543	4159439	11	14
4217941	35623103	6	6
4223312	37113717	8	8
4194874	37117458	13	13
4264818	4180963	2	4
4219536	4238300	8	9
4225020	37119044	4	4
4207963	4318131	5	5
4244662	4134164	3	3
4227031	4252048	2	2
4218016	4094989	7	7
4240345	4108621	6	6
4239657	442068	1	1
4260432	4094245	8	8
4226780	4233857	6	7
4237366	4352009	8	10
4221349	37016672	3	3
4215658	4284460	4	4
4217941	4016424	7	9
4184252	4185333	6	6
4222709	4168949	3	4
4240671	4174123	10	21
4223312	4076274	3	3
4240421	4091263	7	7
4240671	37118879	6	13
4202765	4051733	1	1
4260342	4034764	3	3
4241088	37112016	7	7
4223616	4080314	3	3
4219240	4199909	1	1
4240421	3667072	7	10
4198033	4074083	6	9
4184252	4201575	3	3
4237366	44790641	6	8
4236706	4226019	4	4
4194163	36714824	13	16
4237366	42539391	4	9
4231758	4020325	4	4
4219536	4219723	10	13
4222543	4122245	7	8
4193175	433415	2	2
4197965	4109771	5	7
4202494	44790433	4	4
4247802	37204001	3	3
4237168	4334321	2	2
4208342	4179982	3	3
4212119	4288301	3	3
4240421	4128432	11	11
4240345	4271582	6	7
4214796	4278150	5	5
4226780	37115036	6	11
4250176	3003607	5	5
4215779	4231545	3	3
4252752	4002443	1	1
4266141	4200218	3	3
4194163	4024664	11	12
4202664	4184735	2	2
4223312	36714457	2	2
4232242	4204337	3	3
4237366	4214032	8	11
4216287	4184992	3	3
4196143	4008914	3	3
4211812	4150271	5	16
4199120	42689941	2	2
4219546	4007682	2	2
4240421	37112063	6	8
4185749	4104493	6	6
4237366	4162037	6	8
4242903	37119258	5	5
4237366	37304173	4	7
4240671	4107940	6	11
4237366	4197008	5	8
4201944	4253753	5	5
4197094	200146	4	4
4237366	4065225	6	12
4189457	4185182	2	2
4214793	4056067	6	7
4249833	4334312	10	10
4237366	4322998	7	9
4244662	36686981	3	6
4194884	42538433	4	5
4209768	46044856	4	4
4219902	4275027	7	9
4217941	43530830	7	9
4239314	4300464	4	4
4198525	438796	7	7
4237525	4328371	2	2
4237366	4274876	10	11
4197094	4025001	4	4
4210988	4297981	6	7
4261981	4276882	3	3
4214793	4150747	6	6
4221108	4146751	4	4
4240671	42535892	4	9
4253749	4267434	3	3
4240421	36695661	6	8
4211812	4015190	3	3
4222543	37112560	7	7
4244662	37110626	5	5
4188978	4203222	6	6
4240421	4194604	3	3
4240671	4352909	8	15
4249459	4198253	2	2
4200516	4091612	5	5
4214793	4135804	5	12
4214793	4195607	4	5
4240345	4171930	4	4
4185916	42536239	5	6
4240345	40490413	4	5
4196678	4054734	3	3
4232301	44783923	4	10
4244662	37116360	3	8
4211812	4063565	5	8
4240421	37118856	4	10
4199409	42537704	2	2
4231363	4176614	5	7
4237366	36695751	7	12
4237366	37118330	8	10
4225710	4110442	4	4
4244662	4048486	3	4
4205702	35614438	5	5
4237366	37118118	8	13
4183407	4052462	2	2
4234605	4008616	3	4
4249833	4196741	7	7
4204179	46270285	2	2
4198033	36695859	6	9
4226780	4009059	4	4
4259140	4223091	1	1
4213101	4315678	4	5
4237366	4313612	7	10
4244854	4209993	4	5
4240671	4139918	5	17
4244434	4177489	4	4
4243723	4098900	1	1
4237366	37113091	10	14
4217941	4231098	8	11
4264458	4239273	6	6
4204163	44788264	3	3
4218016	37396944	9	16
4238738	4079487	3	4
4200118	37114593	7	7
4239801	3036036	2	2
4217941	4200142	6	6
4240345	4110172	7	7
4217941	4204454	6	6
4240671	4116314	4	16
4260432	4225391	8	8
4251030	37108790	4	4
4225025	4309028	9	9
4208342	4299527	3	3
4266295	4108183	1	1
4253067	46273951	2	2
4237366	4282847	6	6
4189457	3655226	5	5
4240671	37111888	5	15
4194163	37396720	13	14
4246695	4050086	2	2
4202517	46270777	2	2
4219686	4052411	4	5
4209768	45971246	2	2
4240671	4283599	6	15
4199946	4137453	1	1
4260342	4257549	7	7
4237366	42539524	7	10
4218016	4197146	8	10
4240421	37113315	6	12
4223312	37112906	8	13
4187096	4018353	3	3
4261829	40488370	1	1
4236687	4211870	2	2
4212119	4169802	8	11
4198525	42709913	5	5
4222543	3667278	4	9
4240671	4282679	7	14
4232369	4048110	2	2
4233242	4101792	2	2
4190936	4206299	2	2
4218016	4087344	7	7
4227031	4223191	2	2
4217573	4143895	5	5
4200957	4200377	1	1
4265134	4154143	1	1
4208113	4141367	2	2
4240345	4195671	5	7
4246053	4006847	2	2
4193369	4102463	1	1
4201233	37114319	5	5
4217941	4248225	8	10
4194163	4024792	9	10
4222543	46273980	12	16
4240671	4120832	8	11
4222543	4023582	6	10
4263843	4132278	2	2
4222957	4285654	4	4
4204929	42689600	3	3
4212886	4130347	5	6
4205407	4017037	3	3
4196332	4075969	1	1
4224804	4195633	2	2
4240671	4089694	8	16
4190759	36675710	3	3
4209768	46033819	4	4
4240421	4146889	4	11
4237366	37112736	7	11
4193499	4225901	1	1
4249833	4287629	2	2
4260342	4201828	3	3
4191820	40485384	4	4
4240671	4076388	6	17
4210989	4051237	3	5
4185207	4333885	3	4
4218016	4034426	6	10
4240421	4058506	8	8
4200122	36695935	2	2
4201343	42534995	4	4
4194455	37114182	1	1
4240345	4191585	4	4
4212886	4219464	3	4
4211641	4145562	4	4
4193321	763867	4	4
4198525	4131603	5	6
4219902	4192121	5	7
4240671	4153009	7	10
4251778	3034716	1	1
4194964	4198354	2	3
4193920	4171495	1	1
4213548	4242730	2	2
4243478	4162777	5	6
4211812	37112222	5	9
4240723	4140483	3	3
4218718	37115169	3	3
4249833	4015380	6	6
4204158	44805281	1	1
4223252	4224204	2	2
4240671	4099302	6	12
4244662	4008519	5	10
4207661	4340111	3	3
4242903	4081654	6	6
4211812	4056241	4	6
4240671	4338233	5	9
4225020	4111607	4	4
4222543	37114373	6	7
4217806	36717244	4	5
4212328	4173963	4	4
4241338	4069774	2	2
4202683	37111933	1	1
4237366	4338680	7	8
4249833	4077118	9	11
4246053	4214337	3	3
4185240	37117953	4	4
4240470	45767840	1	1
4259548	4197350	3	3
4208786	760176	5	5
4249833	4162071	9	12
4222543	4193625	7	10
4237366	4314772	6	9
4208975	4265751	1	1
4249833	4261945	10	10
4241272	42537450	5	5
4202169	4085953	2	2
4231323	4314690	2	2
4222543	37118169	7	7
4214793	4217305	4	5
4262229	4159268	6	6
4249832	37395770	3	3
4264818	4198366	2	2
4230374	4071290	3	3
4264978	4089231	1	1
4230216	46272882	3	3
4194941	135691	1	1
4217941	4230263	6	6
4240421	37114377	6	6
4237366	4159422	6	7
4214793	4115997	9	9
4240421	4280278	4	4
4241958	4176665	3	4
4190759	4330521	4	4
4200118	4338680	3	3
4242443	37117126	3	3
4212815	4220681	4	6
4199457	4023061	3	4
4196858	4133069	1	1
4194253	4066546	4	5
4194163	4240975	14	15
4260432	4213086	3	3
4194163	4194385	11	12
4249833	4015684	7	10
4194874	4089574	10	10
4212452	45769771	3	3
4212452	4232248	4	4
4199959	4246306	1	1
4232209	4024852	3	3
4237366	4052634	6	13
4249833	4017957	4	4
4240421	37113696	8	8
4250176	3021642	5	5
4233903	36712737	4	5
4194607	4138782	7	7
4244662	4317148	5	7
4256625	4313346	2	2
4192247	4097307	3	3
4240671	4002772	5	13
4233623	37207554	3	3
4251322	3015866	1	1
4209768	45978357	3	3
4185470	4294435	6	8
4225586	45973578	3	3
4222038	4123618	2	2
4221921	4148689	4	4
4206782	4177567	1	1
4195655	37113295	6	6
4219240	507200	7	7
4249833	4241766	5	10
4222543	37114471	9	11
4240671	37115410	4	6
4240671	4285354	6	14
4221921	4267279	5	6
4222543	4353042	8	11
4201944	764458	6	6
4229532	4258976	1	1
4196958	36676323	5	5
4197656	4302608	3	4
4243363	4007082	2	2
4197328	37309612	6	9
4230374	4231180	5	7
4234354	4187479	6	7
4249833	4261101	4	4
4210989	764756	4	4
4265697	4182651	3	3
4249833	4213768	6	9
4200516	43530741	1	1
4194163	4294694	15	16
4197147	37396924	2	4
4260432	4160304	7	7
4237366	4108407	10	17
4243130	4282851	3	3
4240671	37117562	3	3
4232977	4285829	2	2
4188300	4352754	6	6
4188300	36675310	6	6
4185782	45771384	5	6
4230216	4222612	5	5
4265442	4048864	3	3
4184708	37108750	3	3
4223312	37110805	2	2
4204934	4196688	1	1
4214793	4300551	7	9
4249833	43021038	8	10
4240671	37111911	6	18
4237366	4177041	7	9
4197094	4205669	5	5
4217941	4204295	6	6
4248263	4270767	3	3
4222565	4285060	5	5
4205702	4234455	1	1
4249833	4313288	9	11
4226780	4060028	7	12
4241272	37114833	11	11
4249833	4216113	7	9
4266324	4132903	7	7
4213477	46285138	2	2
4222543	4075256	6	6
4222709	4233665	3	3
4222390	4146612	5	5
4205407	4155466	3	3
4266188	4245448	3	3
4214980	4139646	1	1
4240671	4081816	7	16
4260433	4189931	4	4
4194163	46272073	13	15
4240421	4348714	8	8
4237304	45773259	5	5
4222709	4328739	4	11
4244662	3654690	2	3
4219536	4238155	6	8
4221394	40762013	1	1
4184252	43021478	2	2
4225020	4215090	5	5
4249833	4203228	10	10
4217941	4250493	3	6
4240671	4049758	6	10
4223213	4007450	2	2
4214793	4177721	5	5
4194163	4123809	6	11
4245134	3051252	1	1
4234819	4022621	1	1
4237366	4229384	7	10
4208466	4336005	5	5
4192247	4143877	2	2
4201944	4031689	4	4
4222543	3667246	8	16
4208663	4300416	2	2
4238455	4239416	3	3
4194163	4204894	3	3
4240671	4157837	4	4
4193245	4318661	3	3
4249833	4204454	8	8
4245332	4242047	1	1
4201944	4176951	4	4
4242536	4288609	5	5
4212886	193428	6	8
4265034	4187538	1	1
4244662	4005107	4	6
4257965	4138832	3	3
4187096	4084803	5	5
4197328	4051577	3	3
4223312	4047078	2	2
4240345	4168235	4	4
4211657	760282	3	3
4205000	4197187	3	3
4185470	4053580	4	4
4246062	4262869	1	1
4230216	4026084	8	8
4223732	46028433	1	1
4217142	4149749	4	6
4234380	4105299	1	1
4221108	37312543	5	5
4190759	37109454	3	3
4188978	4328817	6	6
4207656	4270879	2	2
4223312	4075548	10	13
4241272	4085229	8	9
4190693	37208562	4	4
4240421	4080658	7	9
4240671	4300891	8	12
4246695	4001821	5	6
4262608	4220628	7	11
4218016	4248267	9	10
4260370	4154018	1	1
4182607	4168678	1	1
4218410	4082889	5	6
4194455	4081965	3	3
4225025	4014350	6	6
4237318	44792701	2	2
4186165	4240156	2	2
4249833	4212204	6	9
4237366	4284055	7	8
4240345	4047945	4	4
4243266	4245673	2	2
4218016	3667245	6	14
4184708	4114440	3	3
4230487	37115559	6	6
4206233	4180182	1	1
4243478	4147702	5	5
4189293	3655221	4	4
4217941	37016862	8	8
4193783	43533605	2	2
4189640	442153	6	6
4251423	4086097	1	1
4241272	4070777	8	8
4260434	37018956	3	3
4195765	4283960	3	3
4194262	4194264	2	2
4249833	43020673	9	11
4221921	4170399	5	5
4240421	4080641	6	6
4263335	4288849	2	2
4194253	37395202	5	5
4208466	44813802	3	3
4237366	37117585	7	9
4194163	40489389	5	5
4209523	4206742	1	1
4217941	4201673	6	6
4227393	4225868	2	2
4193245	4138145	2	2
4193176	4084819	2	2
4217941	4229027	4	5
4246058	4263653	1	1
4196798	40486522	2	2
4240421	4271567	5	8
4259134	4002904	3	3
4237366	37114888	7	8
4217941	4228160	6	8
4219871	4050704	1	1
4219536	4083084	8	13
4240671	37113264	6	9
4222543	4178649	10	14
4194884	35632134	4	6
4239755	4012958	3	3
4263588	36714539	1	1
4265442	4016283	4	4
4203622	4171044	1	1
4213101	3654333	5	5
4207400	45978488	2	2
4260434	4258145	3	3
4203722	4078131	4	4
4207810	4225927	3	3
4217941	4211940	6	6
4221108	3654346	2	2
4214091	42872652	3	3
4249833	42535853	2	7
4237366	37111900	7	10
4219902	4278165	7	9
4240671	4076800	4	13
4221349	4218463	4	4
4202213	36715463	2	2
4239585	4237883	4	4
4222543	4151804	7	7
4240421	4086976	12	12
4213436	4076465	1	1
4211812	4090770	4	4
4198525	4122752	6	6
4198513	4252265	1	1
4250014	4174123	2	2
4240421	4003634	4	4
4242352	4097724	1	1
4254081	4091406	1	1
4219210	763878	3	3
4212452	4213800	5	5
4260432	4312104	8	8
4260432	36684243	8	9
4217762	4284197	3	3
4264778	4158932	2	2
4238455	46272436	5	5
4207942	4199783	4	4
4218130	4247772	2	2
4237366	37219212	7	16
4184298	40491012	1	1
4249833	4161794	7	10
4214793	37113117	11	16
4240421	4081971	5	6
4260432	4230760	8	8
4219536	4076543	9	9
4211802	4275804	5	5
4237366	4077098	7	16
4250892	4169975	2	2
4194163	4168351	4	4
4237366	4030570	7	13
4263803	4311571	1	1
4217941	4326954	5	5
4214793	4178274	8	8
4213101	4069940	5	5
4235677	4302951	4	4
4188300	4311832	5	5
4227862	46272143	6	6
4200872	4261778	1	1
4186433	760062	2	2
4237366	37114892	4	7
4244662	77517	7	7
4211812	37113793	6	6
4241272	4089127	8	8
4214105	4052896	1	1
4240421	4217864	5	5
4260432	4234033	4	4
4198525	4024824	4	5
4260432	4018261	8	8
4213111	4188558	1	1
4212450	4201204	3	3
4243266	4114347	2	2
4237366	4110059	9	12
4222709	4162086	4	4
4214793	4158809	9	16
4264978	4080582	1	1
4194163	4140368	2	4
4218016	42872965	8	15
4217941	4202231	7	9
4227612	4083814	3	3
4204158	4235940	1	1
4193988	4080598	1	1
4236146	4134617	1	1
4188978	37208310	9	9
4237366	4201794	5	9
4244662	4218899	4	5
4237856	4090509	4	4
4240421	4277686	4	4
4227862	46272185	6	7
4197328	4184868	4	5
4218016	4349923	11	15
4241958	4075981	6	6
4208663	4108800	3	3
4211812	37114539	11	16
4250176	44810787	3	3
4244397	4197625	2	2
4240671	4010915	7	14
4240671	4264358	5	16
4237017	37207596	4	4
4190811	4307167	1	1
4215207	37396648	1	1
4219902	42538318	3	3
4214793	37113309	10	15
4198525	37204065	5	8
4219919	4094239	2	2
4188978	4335237	6	6
4225902	4066186	1	1
4260432	43020545	8	8
4239558	4334566	3	3
4240421	4216230	4	4
4194009	4148356	1	1
4231176	4096850	3	3
4197965	4241390	6	6
4201585	4111772	4	5
4185176	4181228	2	2
4219902	4080785	7	8
4194163	40488311	5	5
4188078	40490843	2	2
4237366	4145900	8	10
4185176	4097002	2	2
4240671	4167449	7	7
4211812	4240764	8	14
4198563	4207030	2	2
4218016	36714414	5	6
4256761	36684966	3	3
4239130	4056814	1	1
4240421	4202053	6	6
4260432	4176450	5	5
4230216	4022420	4	8
4218016	4320476	8	11
4217941	4038293	3	6
4203637	4281449	3	3
4222767	37112402	6	8
4237304	4259546	3	3
4205955	4335045	3	3
4203096	4092216	3	3
4204158	4125685	3	3
4198525	4243282	4	5
4250176	4213555	6	7
4240671	37117411	5	20
4198033	4352484	7	8
4231758	4066530	3	3
4234605	4120489	5	5
4244662	760308	7	11
4241272	4284773	7	10
4250176	4191005	5	6
4240421	4111849	4	4
4244662	4001444	4	4
4197094	4146011	4	7
4219422	4270456	3	3
4205695	37116673	3	3
4260342	4329864	5	5
4240671	37118210	8	14
4244662	4001134	3	3
4197094	40482439	5	5
4205702	35613571	5	5
4189293	762417	6	6
4266660	4056519	6	6
4219536	37119108	13	17
4226780	4352267	4	7
4190192	40487082	4	4
4209768	45978365	4	4
4222709	4091398	5	8
4219835	432628	1	1
4244662	46287036	5	5
4237366	765930	7	9
4193844	4165619	2	2
4250176	3019014	5	5
4194163	4025439	6	6
4220615	4351735	1	1
4208466	443537	3	3
4184708	4015483	4	4
4237366	4176181	8	14
4260434	36684220	3	3
4218016	3667293	6	9
4194163	4274974	3	3
4187630	4294884	2	2
4240723	4140478	5	5
4214793	4120126	4	5
4264477	4236272	1	1
4190069	4093241	2	2
4187965	4223088	2	2
4217038	4314064	1	1
4240671	4150294	8	13
4249833	44783298	5	6
4206788	37016161	4	4
4217142	4199291	5	7
4230216	4078394	7	7
4218138	45768729	1	1
4199141	37114796	4	4
4219536	4242146	9	12
4242536	4089447	5	5
4203096	37110033	3	4
4253306	4250012	1	1
4230374	4193665	4	4
4189286	4299791	4	5
4251423	4082507	3	3
4222709	37117526	11	11
4241272	37112899	11	13
4207307	36716517	3	3
4245842	4077297	1	1
4227862	46272168	5	5
4227915	3003396	2	2
4241032	4241140	1	1
4236194	42536334	2	2
4219847	36674325	2	2
4232319	42539299	3	3
4249833	4198846	4	6
4217941	4199049	8	8
4220836	4236033	2	2
4201944	4001542	4	5
4225241	4283663	4	5
4204501	4037872	4	4
4237017	4095324	2	2
4240671	4150915	4	9
4240421	4254683	2	2
4218016	4175866	7	12
4244662	37110886	2	6
4207540	37111241	1	1
4209224	35607971	4	4
4189293	35615105	2	3
4260432	43020967	8	8
4225020	4267001	3	3
4218016	4321572	5	5
4211657	40487351	4	4
4208786	440226	4	4
4264500	4352015	4	4
4222709	37117457	8	17
4222543	4076529	6	9
4199457	4200270	3	4
4250176	44807200	5	5
4239679	4121574	2	2
4193176	4084960	2	3
4211641	37109159	5	5
4212341	40480586	7	7
4194163	4144530	5	5
4227862	4025614	4	4
4229909	4135566	3	3
4237366	4262523	6	12
4237365	4100329	4	4
4250176	4020705	2	2
4219536	4352266	7	8
4195660	4143035	3	4
4237366	4107837	9	11
4198033	37112757	6	6
4249833	4015406	4	10
4227352	4308744	3	3
4218016	4095400	8	9
4240421	4012624	5	6
4209768	45978349	3	3
4195765	4039886	6	6
4222543	4231291	10	12
4218016	4262413	6	8
4250176	44808590	3	3
4240671	4070244	6	17
4240671	4205546	7	7
4237366	4037608	5	8
4222709	3667228	4	10
4226780	37114345	6	7
4250176	4197857	3	3
4240671	4274160	5	13
4237366	4229287	6	13
4218016	37118734	11	15
4240671	4006622	4	4
4237366	4088154	8	10
4201944	4099250	7	7
4241088	37114955	4	9
4246379	4048969	1	1
4266324	4176329	3	3
4205702	35626034	4	4
4212452	4201832	3	3
4226780	4288745	8	12
4189286	4195060	3	4
4212119	4054038	3	3
4253047	4186772	1	1
4221921	4070106	5	5
4247836	4308149	2	2
4194163	4242141	3	4
4230487	4046742	6	7
4206249	4261194	1	1
4241272	4284776	7	11
4262229	4298382	4	4
4199457	4167186	4	8
4237366	4133071	11	14
4248263	4000650	3	3
4260342	4229039	3	3
4241100	44808123	1	1
4194874	4070664	5	5
4189293	42709778	4	4
4194049	46273174	3	3
4240345	40492378	6	6
4214793	37113267	11	15
4210988	4088645	8	9
4197328	4198822	3	3
4244662	4079750	3	4
4242816	4034989	2	2
4221108	4219198	4	4
4223794	35625466	1	1
4217941	4024720	4	6
4249833	4327569	4	7
4260432	4328961	5	5
4237366	4276740	8	13
4186405	132570	5	5
4226780	37018301	7	7
4213431	4040573	3	3
4222709	4286280	3	3
4246665	40482934	1	1
4204934	4185055	2	2
4200969	4017537	1	1
4241088	4092611	6	6
4241272	4155669	6	6
4211251	4236812	10	10
4237366	4009432	9	10
4243478	4020680	4	5
4206462	37111885	3	3
4240671	4139460	9	20
4240671	46273086	7	19
4218016	4089503	7	11
4237366	42536483	5	8
4240671	37303898	4	14
4190307	436090	4	4
4248263	4274733	6	6
4202237	4215020	2	2
4215768	4240353	4	4
4244662	4195039	3	4
4240671	4273544	4	15
4237366	4284631	7	11
4232854	4235654	1	1
4249833	4330065	7	10
4184252	45772056	4	4
4235939	4030105	1	1
4260432	4081299	5	5
4194163	4226116	8	9
4222709	37113910	7	10
4250176	3012304	5	5
4237304	45762303	3	3
4221067	4229267	2	2
4213101	77639	6	6
4194253	4140863	4	4
4214793	4090829	7	14
4240421	4090918	8	14
4194643	4343811	2	2
4205407	44788731	3	3
4218016	4092433	6	13
4222709	4269520	2	2
4218016	4146549	8	12
4260432	4313345	6	6
4244662	4017529	5	7
4214423	4330936	2	2
4250176	4309862	4	5
4240421	4198269	7	10
4247802	4344045	3	4
4216752	37109967	1	1
4262160	4184831	2	2
4240671	4061582	4	16
4222709	4282011	7	8
4212341	4237427	4	6
4202488	4083275	2	2
4234605	4092764	5	5
4240421	4087927	5	8
4218016	4157982	4	4
4231759	4046822	4	4
4196657	37114605	3	3
4221108	4093996	8	8
4211650	4198471	4	4
4244662	42535235	3	3
4194874	4087347	10	10
4260342	4031855	4	4
4202029	4210467	1	1
4225025	4224575	6	6
4217314	4173901	2	2
4227862	46272145	6	6
4215093	45767533	3	3
4227862	40485053	4	4
4217941	4137517	5	6
4217941	4200013	7	7
4217941	4261100	6	6
4217941	4236081	6	7
4237366	4216230	6	9
4182643	37116665	2	2
4225020	4013668	5	6
4241272	4184198	5	5
4225020	4093877	5	6
4241272	4092292	8	8
4218016	4321753	6	8
4250176	4207343	5	6
4190192	43021445	5	5
4221108	4002228	3	3
4240671	4157819	6	10
4201660	4202133	4	4
4249833	4263866	6	7
4194552	46047020	2	2
4232301	4236547	7	12
4194306	37113376	10	10
4221349	4026397	5	5
4222448	4282093	5	5
4244662	4247606	5	7
4209768	46015874	3	3
4210988	4198291	5	9
4210988	4055764	6	7
4208786	4016821	4	4
4222709	4126802	6	9
4240768	42539722	1	1
4260432	42872431	5	5
4213005	37109413	1	1
4237366	37119209	8	12
4243441	4112594	1	1
4223312	4007798	2	2
4233698	4279456	1	1
4204934	4067489	2	3
4249833	4198634	6	6
4213089	36675133	1	1
4262608	4353014	8	13
4219546	4333486	2	2
4240671	4049896	5	8
4212119	4049499	7	7
4222767	36717338	4	5
4231380	4304913	1	1
4216134	37016397	6	6
4216845	4281179	9	11
4250176	44806204	2	2
4248101	37394755	2	3
4222390	4322205	4	6
4201233	4032772	6	7
4237304	45761400	2	2
4240671	4196051	5	19
4240671	4178197	10	22
4240421	4184167	5	15
4260432	4052917	8	8
4185207	761922	1	1
4195000	4018991	4	4
4240671	4352487	8	14
4200667	4073456	2	2
4248551	4057027	4	4
4189601	4067358	4	4
4222543	4156097	7	7
4188978	4235508	7	7
4265535	4270143	2	2
4200293	4130095	4	4
4226780	37219180	5	10
4264571	4183652	6	6
4265410	4091065	2	2
4213310	37396075	4	5
4197299	40482017	2	2
4260432	4240203	8	8
4237366	4159093	8	10
4240671	4313152	4	6
4249833	4140609	4	8
4250176	44807533	5	5
4184217	4163762	2	2
4190192	4108750	5	5
4262608	4273779	7	7
4190759	44792098	3	3
4257653	4138621	2	2
4219902	4275025	6	6
4196443	4205222	1	1
4214793	4147897	6	7
4226118	4226522	3	3
4215237	4237875	1	1
4203551	4332866	4	4
4194099	37312059	2	2
4193321	4218398	4	4
4225995	4006342	5	7
4244662	4052955	5	6
4219536	4084910	8	8
4249833	4145043	5	11
4185749	4264386	2	2
4197094	4048301	5	5
4236482	4239539	2	2
4189457	3655139	1	1
4226911	4166307	2	2
4214469	4097402	1	1
4240671	4313271	5	9
4219902	37113275	2	2
4198525	4206466	4	4
4265988	4114583	3	3
4240671	4177269	5	9
4199457	3667115	6	8
4237366	4111460	4	10
4240421	4000509	4	6
4237856	4313458	3	3
4265821	37110142	2	2
4225982	4301666	2	2
4264558	4183227	2	2
4240671	4028664	4	4
4214763	40480480	1	1
4209843	43021447	4	4
4260341	42872477	5	5
4219536	4240972	8	10
4217941	4186302	7	9
4244854	4209448	3	3
4218016	37118342	7	8
4262608	4011847	7	7
4234605	42872966	3	3
4250176	4013279	5	5
4249833	4014686	4	7
4260433	4011222	3	3
4249833	4199224	8	8
4256375	37112947	6	6
4260342	4241974	3	3
4236704	37119321	4	4
4212886	4301968	4	4
4237304	45759391	3	3
4240671	4289176	7	20
4217941	4230760	7	9
4228363	4134270	1	1
4185749	4158241	4	4
4222543	37113360	8	15
4240671	4233259	8	8
4214793	4177729	5	5
4222543	4139811	5	10
4221921	4328892	5	5
4217941	4295272	7	7
4260432	4207432	5	5
4230216	4295564	8	8
4194874	4131647	6	6
4232532	4178206	1	1
4211251	37112163	7	11
4231758	4056636	4	4
4262608	4050994	6	6
4196958	36676327	6	6
4240671	4093386	7	11
4249833	44784039	6	11
4209224	197095	3	5
4201120	4231504	2	2
4234354	4213335	6	6
4231759	4070858	5	6
4222709	4297469	1	1
4240421	4126180	10	10
4237366	37303934	8	12
4237366	4129764	7	10
4237366	4262392	3	6
4193190	4266687	3	3
4237366	4246686	4	5
4240671	4281920	7	22
4205702	35612659	5	5
4240345	4064513	3	4
4241272	4240777	9	9
4198525	4342633	4	4
4260432	4231097	8	10
4209768	45977496	3	3
4234605	4058731	2	2
4201944	4234424	5	5
4240421	37112535	13	13
4260432	4205585	5	5
4199457	42535942	6	9
4241272	4157116	6	6
4249833	4012026	7	10
4210988	4056539	4	8
4219536	4136862	9	11
4230374	46271035	5	6
4249833	4203989	10	10
4265901	4241722	1	1
4266188	45757200	5	6
4213409	4168863	2	2
4265759	37114729	1	1
4191381	4137932	4	4
4240671	4108254	7	10
4253013	4080595	4	5
4204180	4046943	1	1
4240671	4254656	7	11
4249833	4165519	9	9
4206462	4174594	3	3
4241272	4135277	9	10
4213128	4182073	4	4
4217045	4258933	2	2
4210988	37016827	4	4
4217941	4023587	3	6
4265535	4095932	4	4
4188978	4005145	6	6
4228774	4031343	3	3
4240671	4197661	6	14
4260324	4253002	1	1
4266002	4127535	2	2
4250176	4015456	5	5
4266448	4118523	2	2
4265418	4227851	4	4
4240421	4039451	6	10
4237366	4156976	5	9
4230216	46272196	7	7
4240671	37111873	4	4
4220836	4321843	2	2
4198525	4191245	6	6
4239679	4116898	2	2
4237366	4163006	6	12
4194163	4302343	4	4
4244662	4035440	4	5
4241272	4119963	9	12
4261263	42873073	2	2
4244189	4341639	2	2
4205702	35613069	5	5
4222543	37303870	5	6
4260432	4200149	5	5
4194163	4199749	4	4
4195765	37111122	2	2
4240421	4005181	3	5
4211812	4132878	5	9
4244662	4245689	4	6
4197299	45770613	2	2
4237897	4299397	2	2
4250176	4098519	3	3
4260432	36684250	8	9
4217806	4247282	2	2
4240671	4078612	7	16
4214793	37114558	12	18
4207661	4001223	1	1
4231759	43531478	3	3
4262244	3033898	1	1
4209224	37209392	5	5
4260434	4331661	3	3
4249833	4246822	4	7
4240671	4177889	7	15
4253749	4076260	2	2
4258707	3667184	2	2
4261532	4286745	2	2
4190759	4346080	2	2
4212089	3655851	1	1
4244647	4093956	2	2
4218410	4108693	7	7
4244662	4095575	5	5
4190245	4334940	2	2
4246695	4086206	4	4
4222543	4221221	5	7
4225025	4224712	4	4
4187688	4186210	2	2
4204934	4143391	4	4
4265442	4014840	3	3
4240671	4238826	4	16
4218137	4151037	3	3
4249833	36714128	5	5
4250176	3040995	3	5
4213101	42536749	6	7
4196657	36714586	2	5
4217941	4190943	7	8
4230216	4025446	8	8
4240421	4185236	8	12
4200124	4236385	1	1
4222709	37115123	3	3
4230178	4254219	3	3
4237366	37219230	4	4
4222543	4263873	8	13
4243472	4174207	2	2
4207302	4127733	3	3
4237366	4202700	6	9
4215350	42539667	2	2
4199959	4107581	3	3
4219536	4163839	7	11
4185647	4181099	2	2
4218016	3667213	5	10
4207942	4195824	5	5
4238044	4193797	2	2
4240671	4246813	7	16
4249833	36716667	8	9
4235414	4060774	2	2
4242852	4241288	2	2
4217941	4015894	5	7
4184091	759891	2	2
4190630	4081188	2	2
4240671	4011644	7	14
4217941	4251276	6	8
4206168	4199465	3	3
4190936	4046484	3	3
4195895	4145534	4	4
4240671	4131916	6	19
4237366	4326909	4	5
4218016	36695786	8	9
4231758	4128564	5	5
4240421	36717383	5	5
4249833	4183389	9	11
4240422	4105821	3	3
4205702	35612563	5	5
4219686	40489914	4	4
4233903	4246014	4	4
4194964	4342514	2	2
4190256	4125089	3	3
4244662	42536510	3	3
4207315	37119064	1	1
4240671	4075691	5	17
4219546	42873140	3	3
4226780	4032321	9	13
4197358	4203861	3	3
4249833	4034110	6	6
4249833	4217698	7	10
4198033	37114027	4	6
4194884	4270503	5	5
4233903	4246454	5	8
4194163	37110797	5	5
4187630	4252518	2	2
4265704	44809999	2	2
4226228	4311959	4	4
4237366	37111886	9	10
4249833	4231049	6	8
4209768	45978416	3	4
4249833	4224605	9	11
4209768	45964169	1	1
4232301	37118989	9	13
4223312	37111904	11	13
4212886	36717298	6	6
4190307	4100102	6	6
4184252	4107213	3	3
4201402	4251787	2	3
4195639	4170924	4	4
4217941	4034137	5	8
4264477	4345930	3	3
4230216	4283507	6	6
4193176	4033308	5	5
4194163	4102755	3	4
4237366	4100505	7	9
4242536	4298686	5	5
4188970	37209479	2	2
4185758	760254	4	4
4262608	4014102	9	16
4250892	4307052	2	2
4262296	4217223	1	1
4223947	4098652	1	1
4186164	4117409	2	2
4212450	4133028	3	3
4213128	4208464	3	5
4246695	4013171	6	6
4244662	4109972	4	6
4250176	4046618	6	6
4266660	35632139	5	6
4240421	4049133	2	3
4249833	4172763	9	11
4193321	4114060	4	4
4265442	4019082	3	3
4194163	4294247	14	15
4230216	46271627	8	8
4194163	4216955	4	5
4226402	42537259	3	4
4249833	4017833	9	11
4253749	4225908	1	1
4240671	4044348	4	11
4244662	4003802	4	6
4190747	4199922	1	1
4240421	4233686	4	4
4217941	4011687	7	9
4194163	4006807	4	6
4211974	192242	1	1
4212119	4100546	7	7
4194964	4068201	3	4
4241272	37115594	7	7
4231363	762938	6	6
4213431	4286167	5	6
4240671	4147050	4	15
4186164	441423	4	5
4211812	37113546	10	15
4244434	4050131	2	2
4190759	4075309	2	2
4218016	4229452	6	8
4249833	43021912	9	11
4240671	4338844	3	3
4212119	45766484	7	7
4222709	4261468	5	8
4198624	43020894	4	4
4184217	4183353	2	2
4249833	4018665	9	11
4188978	4333208	6	6
4197328	4323490	3	4
4194163	4140225	4	4
4249833	4189674	6	6
4240671	37219324	6	12
4226365	4272259	2	2
4249833	4283369	9	11
4205695	4204937	4	4
4229415	4022903	2	2
4189286	4235768	4	6
4230374	4302911	4	4
4218016	37118323	6	8
4226780	4281750	5	8
4188300	37399377	6	7
4240421	4218972	3	4
4246053	4040208	3	3
4197094	37110312	3	5
4242261	44783918	3	3
4197328	36686090	2	2
4242536	4268604	2	2
4202812	4049329	1	1
4223213	4110583	2	2
4241272	4109385	7	7
4240671	4172911	4	5
4185782	45766615	4	6
4214793	37112845	4	6
4240671	37117618	8	10
4249833	4017706	9	11
4237289	4201743	2	2
4198525	4172869	3	3
4240671	4136268	9	16
4249833	4034957	6	6
4237366	4285381	9	12
4237366	4320146	9	14
4240671	37114495	9	14
4200362	4086879	1	1
4237366	4111601	6	13
4241272	37113221	12	14
4234354	4234362	7	7
4185207	4010825	3	3
4245343	197084	3	3
4194163	46273563	14	15
4222390	4339538	4	4
4195307	46273707	4	6
4241699	4078839	2	2
4230216	4025643	8	8
4184309	4138438	1	1
4234595	4237596	1	1
4198525	4204201	3	4
4218016	4087205	8	12
4218016	3667115	8	14
4210988	4048692	2	2
4194232	381842	1	1
4240671	37110807	4	4
4237366	4154326	2	2
4240421	4349794	8	8
4222543	4178269	6	6
4189286	4012457	2	2
4207119	4181318	3	5
4208946	4008606	4	4
4223312	4075984	7	7
4194306	4088001	9	9
4237304	45763416	5	5
4221921	4185982	5	5
4226780	4216182	7	11
4251333	4135365	4	4
4222709	4264523	2	4
4240671	4182886	6	10
4237366	4108559	7	10
4205702	45768054	3	3
4217941	4015771	7	9
4222690	37016816	2	2
4212341	40479239	4	6
4230216	4146202	8	8
4186164	45766781	6	8
4265442	4101991	3	3
4263923	4239121	1	1
4192551	4326749	1	1
4262229	4030723	4	4
4222543	4089781	7	10
4240421	4309969	3	6
4230216	4147511	8	8
4240421	37119044	4	4
4219902	4138578	6	9
4226780	4263890	6	11
4262608	4002704	3	3
4218016	4164722	8	11
4194163	4123982	12	13
4253013	4345454	3	3
4209151	4126468	1	1
4221108	4214609	4	4
4207216	4074797	1	1
4241272	4035486	4	4
4190759	4335101	3	3
4219546	4034949	2	2
4210126	4014281	3	3
4226608	45772429	1	1
4227862	46271623	6	6
4202835	4094742	2	2
4222543	4034413	6	6
4219902	4308438	5	7
4241958	4075275	7	8
4253350	4277838	1	1
4266756	4262313	1	1
4230216	3521817	2	2
4237366	37117986	8	14
4227862	4162257	4	4
4240671	4210907	5	13
4239302	4238828	1	1
4217941	43020537	6	8
4198525	4111651	6	7
4194874	4268891	7	10
4194001	4049085	1	1
4240671	4203761	6	15
4212318	37218962	5	5
4242536	4088148	3	3
4218130	507195	6	6
4209855	4021991	5	5
4220615	37113918	9	9
4206637	4128435	3	3
4190192	40486599	4	4
4244662	4133610	5	7
4214793	4163344	5	10
4240421	37396950	6	7
4205702	35613850	5	5
4199457	4352612	4	10
4222691	4239663	4	4
4244947	4240792	1	1
4228023	4242864	1	1
4211812	4136343	3	5
4221921	4164125	5	5
4239904	4088341	3	3
4239579	4264437	1	1
4189458	4011671	5	5
4233903	4311636	5	6
4238639	4223543	3	3
4217142	37115595	3	3
4209168	4283303	2	2
4214560	44808058	1	1
4184295	4083941	4	4
4195307	43531539	3	3
4237366	4286255	8	16
4219536	4102942	10	10
4260432	4189931	5	5
4233005	3011069	1	1
4240421	4087842	5	10
4237365	4075271	5	5
4224202	46016473	3	3
4240421	4284176	7	7
4217941	4246270	5	6
4187362	4074937	2	2
4260432	37019196	6	6
4220615	4177678	5	5
4217941	37311357	5	6
4186164	4015356	5	6
4240421	37113326	4	4
4244662	42535115	5	6
4218016	4321551	6	6
4194874	37113470	12	12
4240671	4195587	4	12
4237366	4046995	8	12
4219847	4202549	2	2
4239736	4149645	2	2
4237366	4221805	5	6
4186164	45766765	6	7
4219536	4164763	6	8
4240421	4269293	5	5
4250176	40765953	4	4
4237366	4189018	10	13
4226780	4012617	6	9
4186392	4196339	4	4
4183948	4166066	1	1
4220675	4347546	2	2
4250176	4190522	1	1
4237366	4083341	3	3
4195000	4337828	2	2
4260342	4190119	3	3
4198525	4208548	5	5
4214793	4136804	9	14
4205955	4332863	3	3
4242903	4055161	4	5
4193369	4138097	1	1
4198525	4218926	3	3
4237366	4196442	5	12
4237366	4197020	8	8
4217941	36684166	6	9
4225241	4200440	5	5
4237366	4172925	4	14
4232301	4010566	5	5
4194163	46271710	12	13
4241272	4110398	8	8
4198525	4033634	7	8
4213292	36716130	1	1
4225522	4218958	3	3
4237366	4285040	9	10
4198525	4131600	5	6
4265052	44801809	1	1
4214793	4209983	3	3
4189459	4300795	3	3
4240671	3667124	4	6
4237366	4080641	7	12
4264500	4105319	2	2
4187965	37017258	3	3
4184708	4015487	4	4
4195765	4033382	4	4
4240421	3667095	9	10
4194163	4216524	11	12
4217941	4204448	6	7
4186164	435940	4	4
4240671	36695895	5	10
4256625	4347559	4	4
4244662	37207800	4	5
4212931	4307007	1	1
4218016	4110209	8	11
4195430	4173112	2	2
4265442	4133180	2	2
4198033	4049323	4	6
4224367	46001273	2	2
4237366	37119191	8	11
4185176	4186134	2	2
4205000	4330518	3	3
4231589	4179788	1	1
4203936	4069135	3	3
4188498	4090457	10	10
4218016	4123068	6	6
4214409	4290233	3	3
4212137	46046085	3	3
4249833	37016526	4	7
4197094	442098	5	5
4211812	4074066	7	8
4265442	4326591	3	3
4232311	4028947	1	1
4198525	36715853	5	5
4185207	4068002	2	3
4240671	4034271	4	12
4260432	36715263	7	7
4214793	3667245	5	13
4198525	42539656	6	6
4222691	4201878	4	4
4215139	4216153	2	2
4186164	4282750	1	1
4251333	37113058	5	6
4227537	4221207	1	1
4211812	4086725	6	8
4194163	4312092	4	5
4201236	4275506	1	1
4222543	4092822	6	6
4240671	37117510	7	24
4237366	37304175	9	9
4237304	45759477	3	3
4240421	4196584	2	2
4240671	4251170	5	20
4217941	4013940	8	8
4224073	37397302	4	4
4210988	4039884	6	6
4237366	4301378	7	10
4214091	4050422	3	4
4237366	4009376	4	5
4237366	4233845	7	11
4198033	4244566	7	9
4264458	4200127	7	8
4194163	45769312	6	6
4250025	36674514	2	2
4194163	45769012	13	14
4217573	4055415	3	3
4212119	4182528	7	8
4263918	4065692	4	4
4230756	4307512	1	1
4217941	4171051	7	9
4188300	37206185	6	8
4260432	43020853	8	8
4211812	4057697	5	5
4222543	37113326	10	12
4222385	4013423	3	3
4213431	42872472	2	2
4223942	3657878	3	3
4186164	760519	4	5
4216585	4110834	5	5
4200516	45767658	4	4
4250176	3016579	3	3
4240671	4069793	7	11
4201358	44811565	2	2
4198033	4352377	6	9
4213101	4062110	5	6
4216134	36676684	4	4
4198525	4261687	6	6
4240723	4140334	4	4
4240421	4351748	5	5
4188978	37016255	6	6
4187096	4134306	2	2
4223312	4006629	2	2
4222543	4178219	7	8
4217941	4247159	7	9
4249833	4132266	6	9
4240421	37118816	5	11
4196678	4147561	3	3
4223312	4221205	8	10
4240345	4148749	5	5
4252098	3017306	1	1
4248801	4231989	2	2
4222543	4175194	4	4
4223514	45758717	1	1
4218020	37303941	1	1
4194197	37206727	2	2
4241272	4353137	7	7
4209843	40487151	5	5
4240671	4092139	6	19
4211812	4110957	8	14
4200120	35632323	2	2
4196761	4202930	1	1
4202517	4168630	2	2
4240671	4033487	5	12
4195765	4246515	4	4
4194306	4216712	3	3
4240671	36695725	4	17
4214793	4159124	4	13
4264571	4093197	3	3
4218016	4088308	9	12
4209768	35617429	3	3
4214409	37116373	1	1
4218016	4042333	9	13
4188300	36714359	9	9
4209768	45980686	4	4
4188191	37208249	3	3
4264500	4090750	4	4
4240671	4074067	9	14
4193176	4068237	5	5
4216752	36674742	2	2
4244662	760629	6	8
4240520	37117348	6	6
4225436	764639	2	2
4240671	37118908	8	12
4240671	4315403	6	18
4232620	4269507	3	4
4235129	4280050	1	1
4248860	37119252	2	2
4249833	4201501	6	6
4190936	4213278	4	4
4197094	4056808	5	5
4237366	4073786	7	9
4194163	4309461	13	16
4237366	4034270	3	7
4240671	4074823	7	12
4216473	44792528	2	2
4215350	4167714	2	2
4211251	37114150	8	8
4264477	44808861	6	7
4197328	4308704	2	2
4264477	4305198	4	4
4214793	4276110	7	8
4185034	37207832	4	5
4225020	4089889	6	6
4207503	4307548	2	2
4233554	37112736	5	5
4217941	37016556	4	6
4250176	4041174	3	3
4216273	37117762	3	3
4202009	4050207	1	1
4261263	4310735	3	3
4218016	4176327	7	8
4194632	45770771	1	1
4214793	4240291	5	5
4186240	4216428	5	5
4237304	4155004	4	6
4212119	4214139	4	4
4208099	4123251	3	3
4216186	3049235	1	1
4185738	4202373	1	1
4262608	4216577	4	4
4194874	4008456	8	8
4187609	4158414	1	1
4249833	4188984	5	8
4240345	4023423	6	8
4229909	46269779	3	3
4221813	36685631	3	3
4260432	4201824	4	4
4262608	37112529	9	13
4213431	4248030	3	3
4240421	37113161	6	9
4266188	4327478	4	4
4266660	37109896	4	4
4207400	4266947	2	2
4240421	4249904	10	10
4194874	37114106	5	5
4195000	4018916	3	3
4201944	43531321	4	4
4240421	4089427	6	6
4237366	37115318	6	7
4237366	37112692	8	10
4240421	4130898	9	9
4219536	4080408	11	15
4197965	4196144	5	6
4237366	4079704	7	7
4250176	3014119	2	2
4265285	4118693	2	3
4219536	4075609	9	10
4212119	4247646	6	6
4240421	4212651	6	6
4224644	4321372	2	2
4265446	4139710	3	3
4237366	37114827	8	9
4190936	4046938	5	5
4240421	37113400	6	7
4224367	46000759	2	2
4197147	37396937	2	4
4214793	37114199	7	13
4209768	45961130	1	1
4196218	44808579	1	1
4195765	4143305	4	4
4193161	42535733	1	1
4237366	4281466	9	14
4238825	45757662	1	1
4222709	4133965	3	3
4213101	4182165	1	1
4256624	4077534	4	4
4215093	4261653	3	3
4197094	46273183	2	2
4199457	4035189	6	7
4198525	4071203	6	7
4199457	4282846	3	8
4193463	4091662	2	2
4214793	4084375	6	6
4190245	4334796	1	1
4250176	3005897	3	3
4244428	36715045	2	2
4196958	40489848	1	1
4197147	37396997	1	1
4241273	4027879	3	3
4237366	4085728	4	4
4212119	40481054	8	8
4236697	4314694	1	1
4240421	4036082	6	9
4236898	4209366	3	3
4217941	4236429	5	6
4222543	4197285	7	18
4210988	4239385	6	7
4240671	4213712	6	18
4186164	4244179	2	2
4261871	4031270	2	2
4213283	4311033	1	1
4219902	4126806	9	10
4182553	375263	1	1
4200623	4196166	2	2
4197328	4238684	3	3
4225241	37112294	5	5
4197094	4115563	3	3
4199417	762357	5	5
4260432	4191249	6	6
4216752	44806035	1	1
4240421	37113432	8	8
4188810	4298232	2	2
4240421	4279558	6	6
4209224	36685044	2	2
4230216	4270892	5	5
4241272	4002036	5	6
4187630	4037483	2	2
4216314	4159088	5	5
4249833	4167391	4	6
4237366	4139847	7	12
4237366	36695895	5	7
4213041	4263229	3	6
4213101	37204207	7	7
4206428	40489838	3	3
4249833	4162888	9	9
4207184	260936	3	4
4199786	45768066	2	2
4233903	4242336	5	5
4240671	4065087	5	17
4243486	4047239	2	2
4212886	37397178	2	3
4237366	4237696	4	6
4209768	45978362	4	4
4240671	4093547	7	23
4189286	4182377	4	4
4266188	4014942	3	4
4198525	44783220	5	6
4237366	4003991	8	18
4197127	4177031	3	3
4249124	4144149	1	1
4218016	4081811	11	12
4230216	46273803	6	6
4231110	4139946	2	3
4182608	4184395	1	1
4219546	4300238	2	2
4250176	4017358	3	3
4237366	4011857	5	6
4240671	37114408	8	14
4235137	4293021	4	4
4184708	4346973	3	3
4231759	4207333	4	4
4220452	37016505	2	2
4198525	4105614	6	6
4209224	36674996	6	6
4185470	438380	5	6
4264458	37112020	7	7
4184217	4182926	2	2
4218016	37117430	13	18
4214793	4282834	6	7
4186164	4316743	4	4
4240768	37303906	1	1
4214793	4230943	10	15
4203784	35623432	3	3
4220452	4198314	2	2
4197965	37303974	5	7
4249833	37017942	3	10
4222543	4352265	7	8
4190307	36717500	5	5
4246053	4191010	3	3
4222390	37118147	4	5
4201944	4016620	5	5
4212328	37109936	4	4
4240345	4220344	3	3
4262608	4271658	6	6
4244662	36676582	2	4
4240671	37117293	6	19
4210473	35632121	1	1
4185643	4246789	1	1
4249833	4145515	5	8
4217045	4025424	2	2
4207177	4083852	1	1
4228429	45773066	1	1
4189286	46270866	2	4
4258497	4251758	1	1
4199457	4237558	3	3
4240671	4282686	7	15
4240671	4211685	7	21
4237366	4138442	7	12
4199096	4199714	1	1
4240422	4126193	7	7
4240421	4089430	7	7
4186240	4188203	4	5
4237366	37114533	5	5
4199417	3662178	4	6
4195408	40763072	1	1
4244662	4065485	6	8
4260432	4232451	7	7
4205407	4087250	2	2
4262229	4137629	6	6
4240421	4186319	6	7
4209224	36674429	3	3
4186405	4079281	4	4
4194163	4259051	5	5
4186311	4212215	1	1
4246053	4304765	4	4
4240421	4158951	4	11
4250176	44811892	1	1
4233903	4245565	4	5
4240903	4164876	1	1
4250176	21492227	3	3
4217941	4209368	6	6
4221955	36714684	3	3
4199253	42690633	1	1
4240671	4272968	8	18
4186164	4001969	2	3
4240421	4352767	5	7
4249833	4306946	9	11
4209768	4212146	3	3
4237366	37017990	8	10
4217941	4218694	6	8
4237304	45759623	4	4
4204179	4216004	4	4
4198525	4102921	4	4
4216314	37303845	5	5
4201944	4294858	6	6
4212119	45766469	7	9
4239972	4263113	1	1
4185758	4015631	6	6
4214793	4252576	4	5
4244662	4246549	4	6
4237366	4197457	5	9
4240671	4051774	3	10
4211251	4184735	8	8
4194163	4126197	4	4
4244854	4092922	3	4
4237365	4075241	5	7
4253898	4139233	1	1
4237366	4118253	6	8
4207184	4209565	2	2
4249833	46270947	6	7
4227439	4146193	3	3
4217941	4334964	6	6
4218331	4200413	3	3
4244854	4276128	3	4
4244854	4128569	4	5
4197094	4196256	6	7
4231758	4032564	6	6
4229909	4185390	2	2
4217941	4187183	6	6
4198525	35624363	5	5
4235137	4150900	5	6
4258677	4013137	1	1
4249833	4016011	3	3
4222962	4019013	1	1
4244662	45765978	5	6
4207400	45980740	2	2
4240421	4072918	8	12
4198525	436263	6	6
4237304	45764397	4	4
4222709	4265195	9	9
4195765	4035559	6	6
4240671	4279711	5	14
4212452	4327103	3	3
4187630	44802971	2	2
4249833	4014577	6	6
4193464	4184709	2	2
4228050	4195663	4	4
4226780	4314272	8	10
4222543	4182209	5	7
4231759	4220964	1	1
4214793	4174082	6	9
4237366	4087461	7	7
4265141	37018845	4	4
4189293	318169	2	2
4245168	4238013	2	2
4214793	4216381	5	6
4245383	4178518	1	1
4237405	4321839	4	4
4205122	4074381	2	2
4212328	4313912	5	5
4226780	4112069	6	11
4240421	4282252	3	3
4237366	4131757	7	9
4250176	4020563	2	2
4240421	4248032	4	4
4237366	4314437	8	9
4249833	4018822	4	5
4237366	37117940	4	4
4209768	46050535	3	3
4240671	4244372	6	20
4212119	4331315	7	7
4217941	4188083	7	9
4241272	4353254	8	10
4249869	4093291	2	2
4264818	4179592	3	3
4222691	4237948	3	3
4189286	4248040	3	4
4185916	36713198	3	3
4221349	4150979	6	6
4194163	4030869	14	15
4212318	4214614	5	6
4240421	37114611	5	5
4217941	37016605	6	6
4197085	4061852	2	2
4244662	36684544	5	7
4203096	4131454	2	2
4209855	4089420	5	5
4225241	4349941	6	8
4195765	4336814	2	2
4216134	37311408	6	6
4215139	3656385	3	3
4219536	4177895	6	7
4263612	4159435	2	2
4217573	4012086	4	4
4197094	4234788	4	4
4212318	37219271	3	4
4224209	37114100	7	7
4184252	4177104	5	6
4244662	4103053	4	6
4266141	4200217	3	3
4189286	4256914	3	3
4225025	4096148	7	7
4197094	4083970	5	5
4217941	36712881	4	4
4222543	4137967	12	17
4210062	3666001	2	2
4240345	40482359	5	5
4213431	4229840	3	3
4217941	4238759	7	9
4212328	442168	5	5
4193464	4185041	3	3
4219902	37114301	7	8
4250176	3025393	3	3
4265442	4160614	2	2
4249833	4218562	3	7
4228434	4015662	2	2
4209768	4225950	2	2
4218718	37303930	4	4
4219433	37114122	3	3
4230216	4011067	7	7
4213995	4232128	4	4
4240421	4074973	8	8
4244662	46270442	6	7
4241088	4099376	7	7
4237366	4176327	8	8
4260433	4243054	4	4
4240421	36695638	5	8
4260433	4034634	4	4
4196657	4090598	4	4
4240671	37304197	7	19
4187965	46273975	1	1
4241272	4351875	8	8
4223312	4072978	7	7
4241088	37117446	9	9
4237365	37111762	4	4
4225522	4135321	3	3
4218016	4245959	12	18
4224209	4224219	2	2
4223848	44782599	1	1
4194163	4244191	3	3
4222691	4254654	3	3
4236996	4199895	4	4
4217762	4177750	2	2
4241958	37112817	7	8
4237366	4082112	8	17
4196657	4134483	3	5
4194163	4222299	5	5
4236996	4168396	4	4
4219902	4232362	5	6
4185470	4002497	5	5
4197965	4241389	6	7
4241958	37111915	8	9
4210041	4053683	1	1
4218016	4263316	7	7
4240421	4209983	5	5
4185607	4127135	1	1
4240671	4192362	6	13
4230216	4011305	5	10
4194884	4179120	4	4
4201944	4282160	6	7
4261263	4303005	3	3
4251030	35624419	2	2
4191589	37111590	1	1
4218016	4165143	6	10
4244232	4008260	3	3
4194309	4276744	3	3
4240671	4062672	5	18
4239509	4182868	2	2
4201944	4109665	4	4
4203096	761942	1	1
4218016	4179861	6	8
4189640	442152	5	6
4240421	4175126	5	12
4215139	4168647	3	3
4237304	45758737	3	3
4210988	4238820	6	6
4187630	4051246	3	3
4237366	4179047	5	6
4208786	36686983	5	5
4237366	4314918	6	7
4230374	4059066	3	3
4249833	4011697	5	7
4222709	4284900	9	12
4203095	4313778	3	4
4236325	4118100	2	3
4213101	4096619	3	5
4201029	763194	1	1
4234428	4234427	1	1
4244662	134461	4	5
4237366	37118381	3	3
4249833	44784050	5	8
4220755	4204630	2	2
4219536	4134485	6	6
4241272	4211685	7	9
4234752	4129864	2	4
4216134	35622982	5	5
4198525	4115133	5	7
4186164	4009446	5	6
4222709	4152854	10	10
4190693	40481952	3	3
4240671	4195397	4	7
4243617	4157979	1	1
4202345	37114407	4	5
4196958	4144797	1	1
4200991	374384	1	1
4208786	4014213	5	7
4219536	4091447	14	18
4237366	4339119	4	4
4243478	40480196	4	4
4249833	4323431	5	8
4237366	4008457	8	16
4201944	4086625	4	4
4264500	4192860	4	4
4240671	4170696	5	14
4228429	45763567	1	1
4260432	4018655	8	8
4246959	44809541	1	1
4225464	46006654	2	2
4201255	45769995	3	3
4222543	4349117	6	9
4249833	4016002	5	6
4244434	40487075	3	3
4187630	4051567	4	5
4222709	37304202	5	9
4249833	4227878	9	11
4249833	4307258	8	8
4263051	4323852	3	3
4213310	37116352	4	4
4237366	4057560	5	18
4197328	4155191	4	4
4198525	4218873	3	4
4252098	3040780	1	1
4225241	4209920	4	4
4218718	4314716	2	2
4241272	4019156	5	5
4219902	4240851	5	8
4193321	4032946	4	4
4249833	36717061	5	8
4249833	4014695	4	7
4249833	4326911	9	11
4198525	36713527	4	4
4230709	3654686	2	2
4234104	4290728	2	2
4231363	35615096	6	6
4207820	35632293	2	2
4244854	4092001	4	5
4240671	4289441	7	22
4244662	760253	5	11
4214014	35610396	3	3
4233242	4046948	2	2
4253521	4016339	2	2
4216845	4148933	3	6
4237147	4265026	1	1
4221108	37312537	6	6
4194163	4196370	3	3
4248551	37110532	3	3
4211374	4343002	4	4
4265121	4107784	1	1
4243486	4048090	3	3
4237366	37112156	6	7
4265446	4138069	3	3
4198525	36716142	4	4
4216134	4173759	3	3
4240671	4238473	8	19
4227403	3017648	1	1
4237366	37114005	7	10
4264477	42535544	4	6
4214793	4073643	6	7
4222543	37396949	10	15
4199457	4221647	7	7
4219536	4232346	6	10
4241272	4110544	7	8
4240421	37114640	5	5
4249832	4013782	2	2
4237366	4280059	9	9
4244662	4191491	4	4
4213101	4095850	4	4
4200177	4248152	3	3
4218016	37113325	9	11
4263947	4068836	1	1
4185916	4243062	2	2
4237856	4302661	4	4
4223312	4076676	7	12
4240671	4283151	7	11
4249833	4011867	5	8
4221349	4140394	4	4
4237366	4143730	7	11
4211812	4027247	11	16
4233476	4140530	1	1
4194163	4026236	14	15
4219536	4076702	5	5
4204934	4049537	1	1
4241272	37112624	6	6
4240421	4186936	4	4
4209864	37303971	3	3
4185749	44807280	7	7
4240671	4179424	7	12
4212119	40482256	5	5
4189640	4082627	6	7
4239905	4353734	3	3
4217941	4198172	6	6
4237366	4304376	8	14
4256625	4247591	2	2
4216839	4211685	1	1
4219210	763877	2	2
4200872	4324137	1	1
4237366	4328518	6	10
4193176	37310483	4	4
4240421	4305159	5	12
4213101	4184423	4	5
4205702	35612912	5	5
4241272	4079208	6	6
4241272	37018216	8	11
4249833	44784178	6	9
4265442	4032949	3	3
4240671	4178531	8	18
4230216	4183849	5	5
4239509	4052439	3	3
4186405	133438	4	4
4185207	4099362	4	5
4240671	4092591	9	22
4200557	4073709	3	3
4265442	4015794	3	3
4237366	4256909	9	11
4185603	4026613	1	1
4205702	35614799	4	4
4237366	4037422	5	8
4240671	4138976	6	11
4195655	4172925	2	2
4237366	37112907	8	17
4218016	37113205	10	14
4219536	4263729	10	11
4227031	4222878	2	2
4218107	37114649	5	8
4240671	4155546	6	9
4194163	46273713	5	6
4262608	4267219	5	6
4218016	4150915	4	4
4201233	37112794	5	6
4185749	4184724	9	9
4260432	37206218	8	8
4244662	4148388	3	5
4214763	4063540	1	1
4222767	4037065	6	6
4218410	4219723	6	8
4205731	36716844	2	2
4240421	4211870	4	4
4211653	4207274	3	3
4194163	4239291	6	6
4186405	135499	3	3
4187630	44791635	3	3
4244662	4241350	4	7
4223732	4267394	1	1
4219536	4212348	5	8
4204551	4091079	3	3
4189286	4087117	3	6
4201412	4210408	2	2
4237366	4308736	6	8
4222709	37118811	4	4
4186164	4015483	6	8
4218016	4179487	6	12
4235137	4146193	5	5
4204934	4075594	2	2
4220046	4027532	3	3
4249833	4162525	8	10
4200516	4181480	5	5
4188978	4034761	6	6
4185207	3654361	5	6
4244662	4116442	5	6
4190307	4103098	5	5
4241470	4165690	4	4
4244662	4031123	4	7
4237366	4093416	11	16
4213041	4033448	1	1
4240671	4143613	5	6
4222543	37113666	7	11
4189377	4062651	2	2
4194450	4092903	4	4
4239606	37117937	2	2
4237710	37114399	1	1
4231758	4144705	5	5
4209224	36686546	4	4
4246191	4278615	9	9
4207269	44792805	3	3
4252534	760842	4	4
4237366	4081524	10	14
4194163	36714705	14	16
4228073	4329656	1	1
4264547	4017319	1	1
4189286	37016990	2	2
4215607	4342661	1	1
4188978	4197126	8	8
4240421	37112529	9	11
4220030	4016979	1	1
4225241	4087828	5	6
4217941	4296403	4	6
4216386	4232366	1	1
4195698	4000979	1	1
4216314	37112560	4	4
4238775	4287953	1	1
4237366	4081971	7	11
4213101	4011653	7	8
4194309	4240769	4	4
4212886	4182894	5	5
4222709	36695909	5	5
4262819	4235427	1	1
4212119	4151677	6	7
4265994	4102109	2	2
4213041	42872675	4	5
4214793	4077303	6	8
4237365	4151994	5	5
4237366	4320777	7	12
4218768	4226271	1	1
4250176	3043083	4	5
4237304	45760331	1	1
4246053	4136592	4	4
4220615	4274734	2	2
4240671	4075096	5	13
4233388	4236480	1	1
4240421	4100525	6	7
4194607	4153289	7	9
4244662	4047118	1	1
4194884	36715454	2	2
4237366	4284339	9	10
4240671	37304077	4	20
4249833	4185765	6	9
4185470	434601	5	5
4222543	4351875	6	11
4207400	45978438	3	3
4265442	4049772	3	3
4186164	4046000	1	1
4237366	4306279	7	9
4183948	4142189	5	5
4240520	4155071	4	5
4251423	4239962	3	3
4247240	4282382	2	2
4218391	4137623	1	1
4211812	4304668	9	14
4212450	36717378	4	4
4240345	4176247	3	4
4222543	4099302	8	8
4206246	4209494	1	1
4220857	4093869	2	2
4240421	4180331	6	6
4240421	4317568	5	8
4265442	4014839	3	3
4260340	4253149	2	2
4204071	4076277	2	2
4221921	4321553	5	5
4222448	4149985	4	4
4237366	4088356	11	16
4244868	35624142	1	1
4230216	4229921	7	7
4201944	4171571	4	5
4266447	4114403	2	2
4186726	4090486	1	1
4240671	4084276	6	12
4249833	37311345	6	6
4246124	36676672	1	1
4264458	4008923	7	7
4201944	4259636	5	5
4214115	44808019	2	2
4197094	4057074	4	4
4207684	4072813	1	1
4239558	4178325	3	3
4201944	4204075	3	5
4250176	44790066	2	2
4249833	4162334	6	9
4260434	4095695	3	3
4219902	4177587	5	8
4209982	4105929	5	5
4237366	4075274	8	12
4218016	4144993	8	13
4205702	35613218	5	5
4221189	36717270	3	3
4201944	4193656	6	6
4240345	4116797	4	6
4246684	4337384	2	2
4236721	4079847	1	1
4236367	4281929	4	4
4239381	44783367	2	2
4227862	4025292	4	4
4210041	4218953	1	1
4193043	4150292	1	1
4214793	4253663	5	6
4219536	4090998	8	13
4218410	37112842	6	7
4193464	4009461	5	6
4194163	4138105	11	12
4232694	4236256	1	1
4224447	4016312	1	1
4214793	4088865	6	11
4257654	4235505	3	3
4240671	4179407	7	15
4240671	4207513	5	11
4212452	4229216	4	4
4182722	37207416	1	1
4185033	40486203	1	1
4227862	4044269	5	5
4200877	4351849	4	4
4240421	4150896	6	12
4205695	4046497	5	5
4260432	4190776	6	6
4237366	4272654	7	8
4263051	4070229	2	2
4195968	35632134	2	2
4194163	46274110	14	15
4189640	40491512	4	4
4240421	4237415	4	5
4250176	21492768	3	3
4240421	37113404	5	5
4249833	4185323	9	10
4218016	4228958	6	7
4247260	4169061	2	2
4212119	4029524	7	8
4249833	4218954	6	7
4240671	4078623	6	20
4213128	4322954	2	2
4184252	4054518	5	6
4240671	37112231	6	15
4227031	46056817	3	3
4223312	4076663	9	11
4260342	4160722	4	4
4261023	4090604	3	3
4220499	4168668	3	3
4219536	4194720	12	16
4241272	4157095	5	5
4240671	4165939	7	7
4240671	36716953	5	5
4240421	4077541	6	9
4237017	37207587	4	4
4233903	40489468	5	6
4218016	4178339	7	7
4266756	4259552	1	1
4235891	4126582	1	1
4207400	505406	3	3
4222434	4178014	3	3
4249833	43020683	8	10
4197299	40482018	2	2
4242536	4201596	6	6
4240671	4192116	7	20
4219536	35632426	6	6
4230392	4218195	3	3
4240421	4089428	5	5
4244662	37209458	5	7
4240345	4259616	6	6
4198033	4074362	7	8
4217573	4172446	3	3
4194163	46272126	13	15
4202494	35609851	2	2
4265600	196443	2	2
4222767	4024044	6	6
4229706	4180957	3	3
4216314	37114079	5	5
4194163	4224152	3	4
4244368	37112891	4	4
4223312	4164889	7	8
4246053	4303592	3	3
4221211	4082110	3	5
4182643	4232962	3	3
4222690	37016815	3	3
4208947	4081805	6	7
4260342	4221989	3	3
4188560	44790321	1	1
4237304	45765145	2	2
4262608	4204048	6	12
4249833	36715265	8	10
4212318	4063397	1	1
4231759	4067215	5	6
4208414	46272908	1	1
4250176	44793130	5	6
4220675	4080619	2	2
4217941	4184768	7	9
4194163	36675731	3	3
4216287	4233764	2	2
4257655	4236258	2	2
4221921	4052714	4	4
4229909	4242987	4	5
4237366	4093271	7	9
4218016	4027911	5	5
4193464	4240160	3	3
4260432	4213511	6	6
4249833	37016386	4	7
4244662	4344620	3	4
4240421	4139916	2	2
4258497	4311206	4	4
4260432	4232547	4	4
4197191	40481951	1	1
4219240	507239	7	7
4224365	46033247	3	3
4261483	4243610	2	2
4219536	4086476	8	11
4219536	4174125	7	9
4237366	4050910	10	11
4240421	4286253	8	10
4240345	4232701	7	7
4218016	4175386	12	16
4223312	4220235	3	3
4194163	45772887	5	7
4256491	4253747	1	1
4206856	4019628	2	2
4237366	4284333	8	11
4216314	4142926	6	6
4244279	4034158	1	1
4237366	37118892	5	19
4249833	4015113	5	8
4221349	4225024	6	6
4230216	4330003	5	5
4219536	37113270	12	18
4241272	37118635	11	13
4203096	4243115	4	5
4222543	4298328	11	16
4218016	4192853	13	13
4206429	4045781	1	1
4249997	4160439	1	1
4218718	4008928	2	3
4232242	46270294	1	1
4244662	4006768	4	6
4240421	36714403	6	6
4253749	37115327	3	3
4218331	4115773	2	2
4250176	4040205	6	6
4237821	4028200	1	1
4194894	4062388	1	1
4194163	4010513	5	6
4213128	44806904	3	3
4222390	4091979	3	5
4248263	4193024	6	6
4217703	4303526	1	1
4193043	37113298	2	2
4205281	4280146	1	1
4237366	37111792	9	9
4212886	195199	6	6
4225025	4014803	4	4
4194163	46272069	13	14
4230216	4214883	8	8
4206903	44805950	2	2
4199169	3017143	3	3
4212886	4098625	1	1
4201944	4063512	4	5
4222543	4071704	10	12
4194163	4252729	14	15
4237304	45764472	4	4
4240421	4089445	4	4
4200118	4055910	4	5
4199457	4281851	1	1
4240671	4281989	8	18
4190936	4048969	3	3
4240671	4148060	7	13
4240671	4091263	6	17
4243266	4245097	2	2
4237366	37118816	10	16
4249833	37109588	5	8
4193190	4248726	2	2
4187771	4215083	1	1
4230216	4175326	5	5
4265712	4138588	4	4
4185470	35623631	5	5
4264403	4264404	1	1
4234349	4053119	1	1
4230216	36714905	7	7
4201233	4041254	2	2
4199457	37304075	5	6
4217806	4080656	5	7
4254266	37111411	1	1
4249833	4229771	6	7
4222543	37303866	3	3
4203906	4176662	3	3
4230216	4232958	7	7
4240421	4338681	5	5
4264033	4343930	3	3
4240671	4091383	6	13
4242443	37108720	3	3
4263051	4213156	3	3
4185207	4197058	2	2
4237366	4074224	7	9
4261870	4156904	2	2
4260432	4334819	5	5
4239509	37206869	4	5
4198033	4283588	7	11
4212119	4071677	5	5
4208466	4285751	4	5
4241272	4179129	9	9
4240671	36695572	7	18
4240671	37111330	9	19
4250176	3016786	4	4
4227902	4027554	2	2
4239408	35610095	1	1
4205403	4202195	1	1
4260432	40482224	5	5
4218317	4333896	4	4
4240345	4012184	4	4
4263828	4138672	1	1
4240421	37304209	7	10
4240421	4150898	6	12
4219536	4193065	6	10
4189640	198986	6	7
4244662	36684563	5	5
4206336	4312333	3	3
4241272	4195022	10	10
4215779	42872654	3	3
4239314	36714068	7	7
4242411	761083	1	1
4211641	4198783	3	3
4203103	40484292	2	2
4214793	4094867	4	9
4242903	37118533	4	5
4218016	4126180	5	18
4227577	37118239	2	2
4240671	37115642	7	7
4240671	4349513	7	12
4213548	4038480	2	2
4264500	37114598	6	7
4201233	4051444	3	3
4219536	4200988	7	7
